4063
2
7154
4
3785
9261
953
8
2747
10
1218
12
30
14
3834
2851
1710
18
7705
2547
21
22
23
24
25
3139
7251
702
29
13
7371
32
33
6886
35
36
37
2633
39
3757
7838
9647
8126
44
45
46
47
48
5015
6994
8097
351
53
3854
55
3489
57
379
59
7994
61
62
5488
64
1216
7130
67
1180
8015
4986
6736
6685
73
74
75
76
77
78
9730
80
81
82
83
84
85
86
87
88
2548
90
91
92
93
9929
6635
96
97
98
99
100
5496
1601
103
104
105
106
94
1921
4521
1198
9590
112
113
114
8020
3398
117
7637
4551
546
5282
9103
123
124
125
1274
6606
128
4508
5275
131
132
133
3930
135
136
2595
734
139
140
7861
6336
583
8390
145
146
4936
5644
4054
150
8648
152
5345
154
155
9037
4903
158
936
3966
463
162
9025
7784
165
7646
167
168
169
170
17
1103
5575
9564
6098
5557
2314
3992
2707
180
181
5956
9498
184
5625
9110
187
4687
189
190
191
5436
193
194
5153
196
1247
198
8588
200
4468
202
203
204
6848
6788
207
208
209
8277
9789
8195
213
214
1564
1173
217
218
5182
7710
221
222
223
7601
225
226
8196
228
229
230
9485
4206
233
3871
1039
236
7215
238
239
240
241
242
5113
244
245
246
1698
248
249
250
251
7545
253
254
255
256
1344
8654
259
260
3115
1310
4146
264
3383
1076
267
9547
6453
270
1106
272
1220
274
8052
276
4947
278
279
280
281
282
4210
284
285
1305
287
288
289
5526
291
292
293
294
8615
8098
2784
298
299
1460
301
302
2492
304
305
306
307
308
309
310
6036
312
3612
314
315
316
317
7136
8592
934
6406
322
323
8724
4878
326
327
328
329
330
5590
5175
9463
334
335
336
337
7697
9544
689
9170
1178
4916
1730
345
346
347
348
349
350
52
352
353
354
355
356
4899
6220
359
360
361
362
5404
2833
7241
4102
8524
368
369
8675
371
9152
7184
374
375
376
2431
7482
58
9583
4077
3633
383
384
947
7462
5529
6214
389
390
6391
5184
393
394
2890
6966
397
5474
399
400
401
751
403
3431
405
7209
407
408
409
410
7397
412
9969
416
8261
6496
6591
722
4162
7718
7671
422
423
6876
425
426
427
428
429
430
431
432
433
434
2092
4264
437
438
439
440
441
2020
4921
917
445
446
9218
2180
449
450
5729
2062
453
454
455
456
457
2160
459
460
3328
4208
9011
7582
465
466
5890
468
469
470
4544
472
473
474
5327
476
477
6625
479
480
5637
482
483
484
3441
676
487
6480
5878
490
491
9306
493
494
495
496
4625
498
7537
500
2765
502
503
504
1116
506
507
508
8412
510
511
512
2979
9879
6229
516
6552
1065
519
6997
521
522
4241
3423
7923
526
1582
6195
529
530
1284
532
533
534
535
536
2241
1356
539
3755
3170
542
543
544
545
890
3446
7917
549
1158
551
5050
4982
6097
555
6073
557
9562
7661
3222
9958
562
7569
564
565
566
567
568
1068
9153
571
3129
573
574
575
576
577
7952
2262
6204
2788
582
143
584
585
586
8585
9993
589
590
3837
592
593
9439
595
606
597
9840
8474
600
3918
602
603
7474
605
7405
7775
2663
609
610
611
612
613
614
615
6627
617
618
619
4796
1976
622
623
9903
8431
9811
627
628
6860
630
631
632
5893
3157
635
5318
637
1505
639
2601
641
1972
9300
8209
645
2390
3237
648
8308
650
1211
652
653
654
655
3876
2432
658
659
4516
3180
2396
6120
664
665
5913
667
668
669
670
5181
672
673
3299
8614
486
677
1717
679
8766
681
682
683
5221
685
686
687
1984
340
6030
691
6252
693
2210
695
696
7391
698
9078
700
2983
28
6704
220
705
706
707
1125
709
1100
8803
712
713
714
715
5754
4158
4918
719
6311
8309
4052
4643
9086
725
726
727
1268
5611
730
731
5084
733
3615
735
849
8384
8890
739
4545
4750
742
9128
4788
8984
746
747
748
749
4421
402
752
3613
5892
755
5244
757
4080
759
9413
644
5753
763
8265
9662
766
767
768
2921
770
771
772
773
774
8249
8110
956
778
2381
1625
5578
782
8482
784
785
5249
787
788
789
6723
523
9941
793
794
795
796
797
1090
799
2530
801
802
8589
804
8781
651
807
2661
1679
3388
811
812
813
9440
8809
8806
817
8208
3902
820
580
822
823
9621
825
826
7913
2366
829
9834
8032
4364
1704
5035
835
2450
2596
838
839
840
9468
842
9282
844
845
4144
2611
848
1799
2740
851
852
853
854
5871
6587
857
858
859
860
4958
862
863
864
865
866
867
868
9504
870
3011
872
873
874
875
7815
877
878
8666
5484
881
6297
883
884
885
886
7785
4288
3723
2122
891
2417
893
894
1753
985
4979
898
899
900
1513
902
992
2537
905
906
880
9606
909
910
5337
4011
2280
928
915
916
444
918
919
920
921
8886
923
924
925
926
464
4068
929
930
9296
2689
8342
320
1275
159
937
938
2662
940
810
3378
943
944
945
1327
1971
948
949
950
951
9749
2496
954
955
2773
957
980
959
960
961
962
8009
7759
965
966
8174
968
969
2100
971
972
973
974
6196
976
977
978
9849
958
9001
8363
983
984
896
9920
987
988
4569
990
991
8965
993
7435
7932
996
997
5457
999
1000
1001
1002
1003
1004
1005
9137
1007
1008
1009
1010
1686
1012
1013
6272
2660
1016
1017
1018
5978
5988
1021
1022
1023
2723
6948
1026
5394
1028
2007
2763
1031
1032
2142
4882
1950
5980
1376
1038
847
5936
1041
1042
9614
1391
4343
1046
1047
4447
8804
1050
1051
1052
3366
5632
1055
1056
1057
1058
1059
4211
1183
1062
3745
1064
6393
1066
2958
569
1069
1070
1071
9529
1073
1074
1075
266
4046
9715
1079
7144
9813
7282
3772
1084
1085
4201
1087
8596
1089
1802
4606
527
1093
1094
8734
6821
9686
1098
1099
710
5704
1102
8200
1104
1105
271
1107
1108
1109
1110
3418
1112
5758
9191
8749
2961
1117
1118
1119
9607
2955
2539
5464
2938
5269
4581
7583
2922
7051
8546
1131
1132
6280
1134
1135
1136
1758
2158
9930
1140
7418
2198
3076
9049
1145
1146
5365
8270
1149
1150
1151
1227
1153
1154
5619
1156
1157
550
2817
1160
7996
1162
6958
1164
1165
3738
1167
5620
2521
1170
7407
1172
216
8050
1392
3599
1177
9071
6479
68
1181
1182
1061
9259
1185
1186
1187
1188
4686
1190
5118
7553
1193
3498
5047
1196
1011
110
1199
1200
1201
5208
1203
1204
1205
5818
1207
1208
1209
9512
3929
4323
1213
1214
1215
65
5425
6261
1572
7636
1221
9612
9064
1224
1225
1226
2727
1228
1229
1230
1350
1232
1233
1234
531
3728
1514
7214
9326
1240
1241
1242
1243
7847
6604
1246
6901
3789
1249
1250
1251
7769
2333
1254
1255
1256
1257
1258
2252
1260
8019
3364
1263
5885
5316
7802
663
728
1269
559
1271
1272
501
126
418
1276
1393
1278
297
1280
1281
1282
1283
3244
1285
5352
9690
1288
1289
5736
2706
8912
671
7627
4917
1184
1297
4514
9681
4708
1301
1302
1303
6127
286
1306
6489
5506
1507
2853
1311
5334
3997
1314
1315
1316
1317
1318
1319
1320
1321
1322
1323
1324
1325
1326
1680
1328
1329
1330
4891
1332
1333
1334
1335
1336
1337
1338
638
1340
1341
1342
8481
257
1345
1346
1347
9420
8823
855
1351
1352
1353
8089
1355
3639
7941
8929
1359
1360
1361
6574
1377
1364
2495
1044
7902
1368
1369
1370
8446
1372
1373
1374
1375
6601
1363
6125
1379
1380
1381
9441
1383
2331
9102
1386
1387
1388
1389
1390
1366
9035
1277
3899
4611
1396
1397
1398
8113
7398
1401
5971
1403
1404
1405
1406
1407
1408
1129
1410
2680
1412
7926
8063
1415
1416
1417
1418
1419
1420
8061
1422
4056
8776
1688
1426
1427
2294
1429
8709
1431
8658
1433
9154
1435
5271
1437
1438
9109
5741
1441
7128
9939
1444
1445
1446
6135
8000
1449
6041
4079
1452
1453
9839
5515
1456
1457
5606
7960
3932
1461
9418
3259
1464
3541
6532
8622
1468
1469
1470
1471
1472
1473
149
1475
1476
9629
1478
2229
1480
2631
1482
1483
1484
1485
1486
1487
1488
1489
6210
5088
1492
7592
1494
5556
7856
1497
2320
1499
7086
994
9766
1503
1504
7270
8300
3220
1508
1509
2098
1511
1512
901
1237
3485
5458
4049
9077
1519
1520
1521
1522
1523
1524
1525
1526
1527
2766
9692
4739
1531
1532
1533
1534
8475
1536
3455
1538
1539
6126
1541
1542
1543
1544
3524
1197
1547
5147
3577
3934
2909
1552
1553
8031
1555
1556
1557
1693
8787
1560
1561
1562
741
215
1565
538
1567
1568
6816
7602
1571
1219
1573
1574
1575
1576
1577
1578
5697
8583
761
1092
4938
2208
1585
8637
8527
3588
1589
1590
1591
1592
1593
1707
5767
1596
1597
2507
1599
5109
151
3931
1603
1604
4170
1606
435
1608
1609
9909
3882
1612
2614
1614
4557
1616
8112
7741
1619
1620
2963
1622
9631
7832
7082
1626
1627
1628
6541
2989
5701
8401
1633
2695
1635
1636
1637
1638
1639
2296
6512
1960
1082
1644
1645
9197
1647
1648
1649
5135
1651
1652
1653
8331
6962
3805
1657
4459
1659
1660
1661
3127
2846
6106
3396
1666
1667
1668
1669
1670
1671
8236
1673
3044
8723
4384
1677
5921
6769
946
1681
3277
6911
1684
3012
489
1687
6527
1689
1690
1691
1692
1371
9157
1695
1696
9510
247
3869
1367
1701
1702
1703
833
1705
3833
1594
1708
1709
171
1711
1712
1713
1714
1715
1716
678
1718
1719
5728
2501
1722
1723
1724
2557
1726
1727
1728
1729
7161
1731
1732
4117
4258
2127
1736
2606
1738
1739
1740
1741
1742
1743
1744
1745
1746
1747
3188
6235
4277
1751
1752
895
6883
9734
1756
1757
1137
1759
3806
1761
8014
1763
1764
1765
1766
6444
1768
1769
1770
1771
6134
1773
1774
2729
6656
1777
1778
1779
5761
1781
1782
5036
1784
1785
1786
4145
1788
1789
1790
1791
8710
1793
7156
1795
1796
1797
1798
737
1800
5090
798
1803
1804
1805
1806
4225
1808
6818
1810
1811
1812
1813
8536
1815
1816
1817
1818
144
7495
1821
1822
157
1824
1825
1826
1827
1828
1829
1830
1831
1832
1833
1834
8568
1922
1837
1838
1839
1840
1841
1842
1843
5374
1845
1846
2956
8742
1849
1850
1851
7231
1946
5582
1855
1856
1857
3424
7657
2639
1212
5947
1863
6046
4694
5024
1867
5762
1869
7443
1871
7254
3015
1874
1875
1876
1877
1878
1174
9199
2086
1882
1883
3224
1885
2775
1887
1888
1889
1890
1891
5651
6877
1894
9084
2919
2167
1898
1899
7748
1901
1902
1903
1904
6341
7064
1907
1
1909
1910
7225
1912
1913
1914
1915
2267
6363
7894
1919
4577
108
1836
3312
7799
1925
1926
1927
1928
9928
1930
1931
1932
1933
1934
1935
1936
4563
1938
2222
1940
1941
1942
1943
1944
3821
1853
5076
1948
1949
1035
5129
2084
1953
2200
1955
1956
9179
1958
7017
1642
3285
3982
9475
1964
1965
5798
9952
6331
1969
2891
385
642
4461
1974
1115
621
1977
9695
1979
2813
1873
1982
1983
3536
6588
7062
2901
1988
3124
1990
7530
3208
8337
1994
2745
6351
4877
4053
1999
4791
2001
2002
2003
3316
7639
2006
1029
2008
2009
9938
2011
2012
5896
6153
8851
2016
2017
9042
2019
5299
2622
2022
2023
147
2025
2026
8187
2028
8771
2291
9158
2032
2033
2034
2035
2036
2037
2038
9068
2040
2041
2042
2043
2044
8024
2046
2047
2627
4888
3147
2051
261
2053
2797
263
6729
892
2370
3583
8927
2061
452
2063
2990
2065
2066
2067
7353
2069
2070
2071
2072
2073
9963
2075
2076
2077
2078
2079
2080
2081
2082
6459
3433
2085
8008
2087
887
2089
2090
7907
1607
2093
2253
9167
7138
2097
1510
2099
3080
9471
2102
2103
9623
2105
2106
2107
2108
2109
2110
8283
2112
3782
2114
2115
4609
2117
2118
2119
2120
2121
5712
5114
2124
3414
358
9899
2128
4308
6934
2131
7855
2133
2134
1546
2136
4654
4522
2139
2140
2141
1033
2143
2301
9610
2146
4363
2148
7477
2150
2151
1077
2153
2154
2155
2156
2157
2057
2159
458
2161
2162
2163
2164
2165
2166
8315
2168
4912
2170
2171
2172
1975
5609
2175
2176
2177
2237
2179
448
6133
2182
2183
2184
2185
8700
392
2188
7151
3308
2191
2192
3564
2278
6288
2196
2197
1142
4792
4443
2246
296
101
5543
8425
2206
2207
1584
6981
694
7375
2212
3420
2214
2215
2216
4741
8545
2219
2220
2221
9313
2223
2224
2225
2226
2227
2228
4156
5859
3245
5379
4892
3624
2235
2236
2045
2238
2239
3438
537
2242
2243
2244
4176
461
2247
9707
2249
2250
2251
5617
3665
6561
4849
5200
2257
2258
9305
2260
2261
8184
2263
8721
2265
2266
1528
8735
832
2270
2271
5089
2753
2274
2275
2276
2824
9559
4715
5615
1040
2966
2283
2284
2285
2286
4026
9198
6835
2290
2030
8941
7709
9330
2295
1640
2297
2298
2299
3194
2144
9861
2303
2304
517
2306
9893
3160
2309
2310
2311
4813
3444
8884
2315
2316
2317
2318
2319
3818
2321
2322
2323
2324
2325
4188
2327
2328
2329
2330
1384
2672
4389
6562
2335
2336
2337
2338
2339
2340
2341
2342
5363
2344
4410
2346
2347
2348
2349
2350
3955
2352
2353
3392
2355
2356
9276
2358
2359
2360
2361
3032
2363
2364
2365
3648
2367
9636
2369
2058
6672
2372
2373
2374
8504
7645
2377
9848
2379
4259
8705
2382
2383
4128
2385
2386
6233
4525
2389
646
2391
2392
2393
2394
2395
4859
2397
4173
2399
3482
2401
2402
2403
2404
2405
2406
2407
6636
2409
2410
7980
2123
2413
2414
2415
1706
1138
2418
2419
2420
7414
2422
2423
3669
2425
2803
2427
2428
2429
9741
377
6239
2433
2434
8439
2436
6326
3993
7071
2440
2739
3974
2443
7501
2445
2446
2447
2448
2449
836
2451
4728
2453
2454
2455
2456
2457
2458
2459
2460
2461
2462
2463
5671
2465
6262
9881
2468
9469
2711
2471
7874
2473
2474
2475
6500
2477
2478
2479
4856
2481
7721
2483
2484
2485
7989
2487
5796
8786
6168
2491
303
2949
2494
2437
7
2497
2498
3550
2500
7393
8235
6969
5189
3117
2506
1598
2508
2509
4484
2511
2512
2513
2514
2515
5777
7050
2518
2519
2520
3294
2522
2523
2524
2525
2526
6028
2528
2529
9220
2531
5358
2533
4963
2535
2536
2857
7523
1122
2540
3310
2542
2543
2736
2545
2546
4971
89
2549
2550
4437
6462
2553
907
5646
2556
717
7293
2559
2560
2561
2562
2563
9762
6269
2566
2567
2568
2569
7844
2571
3345
2573
2574
4089
2576
2577
660
2579
2580
2581
4648
9858
2584
2585
6023
9600
2588
8875
2590
2591
2592
2593
2594
137
3590
2597
2598
2599
4280
1558
2602
3234
9679
2605
1737
4897
2608
2609
5270
5204
2612
3373
3581
2615
9815
2617
2618
4476
2620
2621
2021
7153
1981
2625
2626
2048
4039
2629
5791
1080
2632
38
9082
2635
2636
9506
2638
7527
6799
2641
2642
2643
2644
2645
2646
9090
4470
2649
8354
2651
2652
2653
2654
6526
2656
2657
9116
2659
1937
808
1273
608
2664
3859
8472
2667
3735
2669
2670
5230
2332
2852
2674
2675
8503
2677
2678
2679
7615
6169
4228
2683
2684
6007
2686
2687
5863
5873
2690
2691
2692
2693
8520
4161
2696
2697
2698
2904
2700
2701
2702
2703
2704
4121
1870
179
2708
127
7029
2470
2712
2713
2714
2715
2716
2717
1296
4670
2720
2721
2722
1024
2724
2725
192
1152
2728
1775
2730
2731
2732
2733
4084
9907
2544
2737
2738
2441
850
2741
2742
7174
9332
3749
5049
9
2748
2749
7077
2751
8340
1081
2754
9936
2756
4475
6152
2759
2760
8069
6180
1030
8214
939
8326
2767
2768
9776
9595
2771
2772
9987
2774
2924
2880
1454
9540
2779
2780
2781
1655
2783
7317
2785
2786
4688
581
2789
2790
2791
2872
2793
2794
2795
2796
2054
2798
2799
2800
7663
2802
6790
2804
2805
3459
2807
2808
9270
2810
2811
6011
1980
2814
2815
2816
1159
2818
2819
1865
2821
2822
2823
5801
2825
2826
2827
2828
2829
3198
2831
2832
7762
2834
172
2836
2837
2838
2839
2840
6482
2842
6253
2844
2845
1663
2847
2848
2849
2850
16
7070
5887
2854
2855
2856
6390
5400
6066
2860
2861
6923
2863
2864
2865
2866
7594
3336
2869
8928
2871
7132
2873
3593
2875
2876
2516
2878
2879
7904
2881
2882
2883
3994
2885
2886
2887
107
2889
9724
1970
2892
2893
7112
2895
2896
932
2898
2899
6460
7376
2902
6354
6240
2905
2906
2907
2908
1551
2910
2911
4554
2913
5726
7440
4751
8146
2918
7403
5686
769
8059
8383
524
2925
2926
2927
8344
2929
2930
2931
1191
2933
2934
2935
2936
8124
805
2939
2940
2941
7805
2943
2944
3759
2946
2947
9778
2493
2950
5643
4666
7387
4271
952
1847
6433
1067
2959
3487
505
5251
1621
6141
2965
2282
6538
2968
7233
2970
2971
4444
2973
4674
2975
656
2977
6067
5012
4378
2981
5
8532
2984
6779
2986
4221
5068
1630
2064
8529
6375
2993
4832
5119
4184
2997
2998
2999
3000
3001
5080
6565
5747
3005
3006
3981
5624
3984
6608
8417
1409
1043
4829
4274
897
5142
3018
8318
3020
3021
3461
3023
3024
3600
3026
3027
3028
6973
3030
3031
2362
8794
3034
3035
4458
3037
3150
3039
3040
3041
3042
3043
1674
7879
3046
4914
8359
3049
6582
3051
3052
8027
4765
9159
3056
6519
3058
3059
5421
3061
3062
998
9458
3894
3066
8515
5961
3069
3070
6425
331
3073
3074
3075
1143
7431
1358
3079
970
3081
3374
3083
6368
8877
3086
7031
49
3680
3090
3091
3092
3093
3094
3095
3096
4932
5720
8857
3100
8267
3102
3103
3104
3105
1236
3107
3108
3109
3110
4862
3112
8810
3114
2052
3116
4329
3118
3119
3120
3121
3122
3123
6547
6185
3126
1563
3128
572
3434
3131
6737
3133
8105
3135
5862
4438
4601
6706
6584
9900
3142
3143
3144
9229
3146
2050
3148
3149
3038
3151
3152
7542
3154
5593
3156
9511
3158
3159
1540
3161
3162
3163
3164
9389
3166
3167
5428
3169
541
8455
3172
3173
3174
3175
3176
3177
3178
3179
661
3181
3182
8273
3184
3185
5159
7865
3647
3189
3190
6919
1861
3193
6113
3195
3196
5877
2830
9964
9713
7789
3202
3203
3204
3205
3206
3207
6899
5848
3210
3134
3212
3213
1549
3215
3216
142
3218
3219
1309
3221
9395
3223
1884
4467
9322
3227
3228
3229
3230
2268
7720
3428
4070
367
1395
647
3238
3239
6412
3241
9904
3243
5707
2231
3246
3247
3248
6434
3250
4889
3013
3253
3254
3255
3256
8953
3258
4962
3260
3261
5579
3263
3264
3265
3266
3807
3268
3269
3270
3271
3272
3560
3274
3275
3276
9830
3278
3279
9437
3281
3862
911
3284
8057
3286
3287
3288
3289
3290
3291
3292
3293
8587
3295
9497
3297
3298
8046
3300
3301
5773
3303
8199
3305
3306
3307
2190
3309
2541
3311
738
3313
3314
3315
2004
3317
9933
3319
3320
8949
4667
3323
764
3325
6310
3327
3132
8178
3330
5195
3332
3333
3334
3335
3925
3337
3338
3339
3340
3341
3342
6114
5679
4999
3346
6871
4370
3349
3350
3351
3352
3353
3354
3355
3356
3357
6792
3359
3360
3361
3362
3363
1262
2987
6009
3367
3368
7107
3370
3371
3372
2613
3082
8597
3376
6802
942
8987
688
1128
5072
265
724
4843
3386
3387
283
3389
3390
3391
6314
4394
7669
3395
1665
3397
116
3399
4758
227
3402
3403
3404
2245
3406
3407
3408
3409
3410
3411
3412
3413
2125
8708
3416
3417
5452
9622
2213
3421
3422
5866
4746
3425
3426
3427
3233
3429
3430
404
3282
5993
3130
4518
3436
3437
2240
3439
3440
3989
3442
3443
879
3445
547
3447
3448
3449
3450
3451
3452
3453
3454
1537
7622
5461
3458
5906
3460
3022
3462
3463
3464
3465
7290
3467
8271
3469
1235
3563
3720
3473
3474
3475
3476
386
3478
3479
3480
3481
8761
3483
3484
1515
3486
2960
3636
7897
5177
3491
8259
4729
3494
9020
3496
3497
1194
3499
3500
3501
9225
3909
1643
6764
3506
3507
3508
3509
3740
4803
3512
3513
2671
3515
1814
3517
6640
3519
6900
5997
3522
3523
1545
3525
3526
8084
7961
3529
3530
7021
4036
3533
3534
3535
8275
1414
3538
4798
9801
2888
3542
3543
7347
7222
3546
3547
3548
3549
2499
1294
1479
3553
8693
3555
3556
3557
3558
3559
8633
3561
3562
3471
7485
3565
3566
729
7424
3569
3570
4304
7693
6245
3574
3575
8394
5937
3578
3579
3580
1613
7826
6732
6289
3585
8828
7915
1588
3589
1566
4385
3592
5713
3594
3595
3596
4510
3598
1176
66
3601
9373
3603
3604
3605
3606
3607
3608
3609
9455
9558
9617
753
7591
3716
3616
3516
3618
3619
3620
9520
3622
4748
2234
9155
3626
3627
6806
3629
3630
4234
3632
8569
3634
3635
6209
3637
9664
837
3640
3641
3064
3643
6504
9297
5139
7521
828
5705
1362
3651
3652
7901
3654
3655
3656
3657
7191
8763
3660
3661
1382
3663
3664
2094
8663
3667
4722
2424
3670
3671
6385
3673
3674
3675
3676
3677
3678
3679
6150
3681
3682
3683
3614
3685
3709
6602
3688
3689
3690
3691
3692
3693
3694
3695
2867
3697
7344
3699
3700
3701
3702
3703
3704
3705
3706
3707
3708
3686
3710
7517
6671
1015
3714
3715
5970
3717
3718
3719
3472
3721
3722
889
3503
3725
9187
3727
3106
3729
3730
4194
9672
3733
3734
9545
3736
3737
9970
7893
8994
3741
3742
3743
2189
1063
3746
3747
3748
5344
3750
3751
6874
3753
3754
9569
3756
4060
3758
6270
5071
3761
9484
1308
5123
3765
4762
3767
3768
4593
3770
3771
1083
3773
3774
3775
3776
7514
3778
6170
3780
3781
9415
3783
9302
5990
3786
5550
8774
6266
967
9596
3792
4673
3794
3795
7500
4871
6834
3799
3800
3801
4331
1908
3804
1656
1760
3097
3808
3809
4002
3811
7853
6669
3814
3815
7272
3817
8692
9794
8151
5817
3822
3823
2056
3825
3826
3827
3828
7234
3830
3831
3832
2681
15
3835
3836
6721
8316
3839
3840
3841
3842
4120
3844
5649
3846
5460
1852
3849
3850
3851
6975
3853
9184
3855
3856
3857
3858
2665
3860
3861
8418
3863
3864
8415
3866
3867
3868
3393
3829
5332
3872
3186
9593
3875
2976
3877
5263
3879
3552
3881
1611
3883
3884
7324
3886
3887
3888
3889
7194
3470
3892
7791
3065
163
7265
3897
1602
1394
2650
2218
5240
3903
6005
4988
3906
3907
7285
1618
3910
4115
3912
5685
3914
3915
3916
3917
7137
3919
3920
3921
3922
3923
3924
6850
7239
6594
3928
806
5254
3898
300
3933
1550
3935
3936
7011
5023
6212
3940
3941
3942
3943
3944
8543
6995
3348
4866
9221
1459
3951
3952
3953
3954
2505
3956
3957
3958
3959
6761
3961
6657
3963
3964
3760
6772
5742
7384
9669
3970
3971
3972
3973
2442
3975
3976
3977
3978
3979
5152
5882
4466
3983
9572
3985
5751
3987
3666
485
3990
3991
178
8388
2884
7433
3996
1313
3998
3999
2555
4371
3810
4003
4004
869
4006
6378
4008
5134
9802
912
4012
6477
4014
7632
4016
4017
4018
4019
4020
4021
4022
4023
4024
7877
6992
4027
2705
4029
5831
4031
9247
4033
4959
4035
3532
4037
4038
2628
8840
5588
4042
4043
4044
4045
9905
4047
4048
1517
4050
4051
9451
1998
2480
8049
1423
4057
4058
4059
40
4061
1787
4160
9207
4065
4066
4067
4449
4069
8917
4071
6646
4073
8870
4075
2178
4263
4078
8793
5098
5946
6891
4083
2982
4085
4086
9720
6917
2575
4090
4659
9805
8744
4094
4095
6467
4097
7783
4099
4100
7699
366
4103
4104
4105
4106
4107
7392
4253
5368
4111
4112
4113
4114
3911
4116
5278
4118
4119
3885
6522
1166
1672
4124
4125
756
4127
2384
4129
4130
4131
4132
4133
4134
4833
4631
4137
4138
3980
4140
4141
4142
4143
846
3432
2055
4147
4148
4149
4150
4151
4152
4153
4154
4155
3880
7400
6653
9342
5897
4993
419
6001
4164
4165
5803
4167
8640
9551
4985
4171
4172
2398
4174
2464
3405
4177
5473
8898
4180
8470
4182
4183
4852
4185
4186
9303
2326
4189
4553
9488
5849
4193
6293
4195
2411
4197
4198
8748
4200
4267
4202
7105
5639
4205
232
4207
1819
4209
6076
1060
6096
4213
4214
4215
4216
4217
1776
4219
7085
625
4222
4223
4224
413
4226
5022
4416
4229
4230
4231
4232
1683
3631
7648
4236
4237
4238
7597
4240
791
7415
4243
8699
7695
4246
4247
4248
4249
4250
4251
4252
4109
4254
6198
4256
4257
1734
6540
8311
1807
7185
381
8889
4265
6632
4261
4268
4269
4270
2954
4272
4784
7444
4275
6138
1750
6407
4279
372
4281
4282
4283
4284
2974
3138
8822
888
4619
4290
5020
6866
5634
8250
7267
4296
4297
4298
4299
4300
6490
4302
4720
3571
4305
6705
4307
5786
2421
9683
4311
4312
4313
4314
4315
4316
4317
1848
4319
4344
4321
4322
3192
6427
4325
4326
4327
2564
6559
7445
3802
4332
4333
4837
4335
4336
8625
7248
4339
4340
4341
4342
1045
4320
4345
4346
4347
4348
4349
4350
4351
4352
4353
4354
4355
4356
4596
4358
4359
4360
4361
4362
2147
2269
4365
4795
723
3820
4369
3947
4001
4920
4373
4374
963
4376
4377
2980
4379
7576
4381
9935
2005
1676
3591
4386
4387
9711
1253
4390
2014
4392
4393
8595
4395
4396
4397
4398
5470
4400
7644
4402
4403
4404
4405
3511
4407
4408
4409
1458
8081
4412
4413
4414
8402
2912
4417
579
4419
4420
750
7448
1086
4424
8872
4426
7340
4428
373
4430
4431
4432
9424
4434
7382
60
2551
3137
4439
4440
7824
743
5163
3948
4445
8624
6600
4448
914
1951
4451
4452
4453
4454
7122
4456
6370
3036
1658
5252
3435
4462
4463
4464
4465
1962
3225
8586
4469
5320
7359
4472
4473
4474
2757
2619
4477
4478
4479
6142
4481
4482
4483
2510
9688
4486
6222
4488
7313
7803
4491
492
2476
5622
4495
4496
9563
4498
4499
8011
4501
5732
7640
5281
4505
4506
8343
5326
4509
3597
4511
4512
4513
5770
4515
7120
4517
1973
4519
4520
7430
2174
4523
4524
2388
4526
9272
4906
4529
4530
4531
4532
4533
4534
1037
4536
4537
9871
9131
4540
4541
7316
9014
4025
3089
4546
4547
9273
4549
3380
119
4552
8170
6383
4555
4556
2920
2616
8608
4560
26
1794
1682
5430
4565
4566
4567
4568
989
6668
8048
3098
4573
4574
4575
199
5944
4578
4579
4580
1126
7918
4583
4584
4585
4586
4587
6298
4589
4590
4591
5069
1491
6707
5987
5898
9957
9521
9876
7081
4286
4602
4603
7655
4605
1091
4542
4608
6124
4610
3236
6931
4613
9105
4615
6815
4617
4618
7219
4620
4487
4622
4623
4624
497
4626
6420
4628
4629
4630
4136
4632
975
4634
841
4636
4637
7830
4639
5260
4641
5233
5982
4644
4992
4646
5654
7562
9902
1265
4651
4652
4653
3113
6228
4656
701
4658
6864
2694
4661
4662
3790
4664
173
8093
3214
7420
9019
4446
8152
4672
3793
3381
4675
9895
6758
4974
4679
5227
5476
4682
4683
5319
4685
4030
5228
2787
3848
6457
4691
4692
4693
1632
4695
4696
4697
4698
4699
4700
4701
4702
5346
4704
4705
4706
4707
4776
4709
4710
8627
6905
4713
4714
2624
4716
4717
6484
4719
4303
4721
3668
4723
4724
4725
4726
4727
9589
3493
4730
4731
4732
6037
6143
9806
7178
7109
4738
1530
4740
2217
4742
5636
4744
4745
1858
4747
3623
4749
1662
2916
4752
4753
4754
4755
4756
4757
3400
4759
4597
7807
3766
4763
4764
4969
7965
8355
2937
4769
4770
1141
4772
4773
4774
4775
6689
4777
411
4779
4504
4781
1120
4783
2203
7834
4786
5443
1646
4789
4790
2000
2199
8001
6965
7723
620
4797
3539
4799
4800
7620
4802
2758
4804
4805
4806
2637
4808
7959
9732
4811
4812
4794
4814
4815
4816
7368
4818
815
1168
4821
6839
4823
1474
4825
4826
4564
4828
388
8226
4831
2994
2408
7386
4835
4836
4334
4838
4839
7854
9150
4842
4442
4844
8217
4846
4847
4848
4973
4850
4851
2996
4853
4854
4855
4824
4970
4858
662
4860
4861
3111
4863
4864
4865
2972
4867
649
4869
8756
3797
3625
9427
4874
4875
4876
7658
325
5960
4880
4881
7936
6642
8076
6814
4886
7108
2049
2928
2962
9339
5827
4893
8664
4895
4896
2607
4898
7801
4900
8909
4902
5386
4904
4905
4528
4907
4908
8519
4910
4911
2169
4913
8123
4915
8888
1295
718
5223
4372
443
4922
4923
5876
4571
4926
5735
7394
4929
4930
4931
3267
4933
5854
4935
2024
4937
1583
4939
4940
4941
4942
4943
9174
4945
4946
5402
1287
7449
4950
4951
9459
4953
5300
4955
9083
6369
861
6872
4960
4961
8246
2534
4964
4965
4966
4967
721
7487
8759
20
6580
2255
4678
4975
5086
4977
4978
3016
4980
4981
553
4983
3331
5813
70
4987
3905
4572
6287
4991
2181
9002
5612
7696
4996
4997
4998
2572
2288
5001
5002
5003
5004
5005
8090
5007
6497
5009
6938
5011
9721
5013
5014
3088
5021
5017
5018
5019
3029
5016
2059
3938
4735
5025
5026
5027
2762
6813
5030
5031
5032
5033
8833
834
5236
5037
5038
6662
5040
8682
5042
5043
5044
5045
5691
1161
8850
2746
9185
5051
5052
5053
5054
5055
9291
4873
5058
63
5060
5061
5062
5063
3803
1924
5066
5067
2988
4592
5070
344
3382
5073
5074
5075
1947
5077
5078
5079
3002
5081
7104
9828
5935
5085
4976
5968
3769
2272
9430
5091
9661
7453
5158
5095
5096
5097
8252
5099
5100
5101
5102
5103
5104
6146
5106
5107
8164
7508
5110
5111
5112
5475
2412
5115
5116
5117
2995
2932
5120
3949
5122
6382
7004
5125
5126
5127
5128
4450
5308
5131
5132
6013
9751
1650
5136
5137
5138
3646
6070
708
3017
5143
9546
7964
5146
1548
5148
9898
5150
5151
6959
1331
5154
7321
134
5157
5094
8262
5160
8671
5162
7586
5164
5165
5166
5167
5168
5169
5170
5171
5172
5173
5174
332
5176
3490
6738
5179
5180
1399
219
5183
2187
5185
5186
5187
5188
2504
5190
7711
5192
5193
2699
4984
4870
5197
5198
5199
5572
5687
8366
5203
2538
5205
5206
5207
1202
5209
5210
5211
5212
5213
5214
5215
5216
5217
421
5219
4178
9677
5222
5628
5224
5225
5226
8479
8631
5229
3514
5231
5232
8770
5234
5235
5064
5531
5238
5239
5495
5241
5242
5243
4126
5245
5246
5247
5248
786
5250
2233
7291
5253
5156
8132
5256
5257
5258
1700
5640
5261
5262
6837
5264
5265
5266
5267
5268
5141
2610
1436
5272
5273
5274
8284
7869
5277
4952
5279
5280
7422
8382
5283
1629
5285
5286
5287
5288
5289
5290
5291
5292
5293
6257
5295
8915
9678
4562
442
4954
5301
6294
5919
5304
5305
8952
5307
5130
5309
5564
9003
5312
1678
5314
5315
4650
8307
6177
4684
1780
5321
7940
5438
5324
5446
7395
2778
2688
5329
5330
5331
704
5333
1312
5335
5336
3283
5338
8022
5340
5341
5342
5343
9874
3712
4703
5347
5348
6681
5350
5351
1286
5353
8860
1993
5356
5380
2532
9445
5360
5361
5362
2343
9038
2452
5366
5367
339
5369
8012
5371
5372
5373
1844
5375
5376
4840
9493
2232
5357
5381
6731
9408
5384
8935
7121
5387
5388
5389
5390
5391
5392
5393
7258
5395
5396
5397
5398
5399
4834
5401
8241
5403
5748
5405
8865
5407
5517
7962
5410
5411
5412
9657
5414
5415
5416
7864
5418
5419
5420
3060
7504
5423
5424
3895
5426
5427
7208
5429
4827
5431
5432
5433
5434
5435
8232
9937
5323
5439
9515
5441
5442
4787
5444
5445
5325
5447
5448
5449
5450
5451
6892
5528
5454
5455
5456
3063
3504
5459
3847
1343
5462
5463
6065
3764
703
1991
1133
5469
1554
7956
5472
5220
398
41
8726
5477
5478
5479
5480
4561
5482
1754
2135
5485
5486
5487
5059
6047
5490
5491
5492
5493
5494
4415
4273
5497
5498
5499
5500
5501
9649
5503
8017
8605
3763
5507
5508
5509
5510
5511
235
5513
5514
1455
5516
5408
5518
5519
5520
5521
5522
7030
5524
8876
290
5527
5453
387
5530
5237
5532
5533
765
5535
5536
5537
5538
5539
5540
5541
8122
2589
5544
5653
5546
5547
5548
5549
9448
5551
5552
9608
5554
5555
1495
176
5558
5559
5560
5561
5562
8248
5310
5565
3901
5567
9013
5569
5570
5571
2256
5573
5574
4665
5576
9480
781
9228
5580
5581
931
5583
5584
8038
5586
5587
1434
8843
7585
4820
9819
1623
3324
5595
5596
5948
5598
5599
5600
7250
941
7256
5604
8789
8223
8564
5608
7538
5610
8858
4994
5613
5614
3528
5616
6920
7724
1155
758
5621
3713
5623
3008
185
5626
1685
9045
5629
5630
5631
9754
5633
8740
5635
4743
481
5638
4204
6392
5641
8205
2951
148
5645
4000
5647
5648
3845
5650
1238
9962
5093
8844
5655
5656
5657
5658
5659
5660
5661
5662
8237
5664
5601
6768
7199
5668
5669
5670
4175
5672
5673
5674
5675
5676
5677
5678
3344
8969
5681
7134
5683
5684
3913
1615
5201
5688
5689
5690
2137
478
3587
5694
5695
5696
1579
5698
7858
5700
1631
5702
5703
1101
4647
5706
3891
5708
5545
5710
5711
9250
8507
1496
5715
5716
1442
5718
5719
4989
7955
5722
5723
2013
5725
2914
5727
1293
451
5730
5731
7660
5733
5734
3033
1290
5737
5738
8013
5740
1440
4367
5743
8556
5745
5746
3004
363
5749
5750
4968
5752
1217
716
5755
5756
5757
1113
5759
5760
7413
7314
9852
5764
8821
5766
8738
5768
5769
1298
5771
8997
475
5774
5775
8282
2877
3365
5779
3488
5781
5782
5783
5784
5028
8336
5787
5788
4681
5790
2630
1862
5793
5794
5795
2488
5797
1966
9065
6767
2277
5802
6684
4091
5805
5806
5807
9055
6055
5810
5811
6524
1605
5814
5815
5816
1945
1206
7540
9487
6006
5822
5823
5824
5825
5039
8414
5828
5829
5830
8711
5832
5833
5834
1096
5836
9892
5838
5839
5840
5841
5842
5843
9466
5845
5846
5847
8329
4192
5850
5851
5852
5853
4934
5855
5856
5857
5858
2230
5860
570
3136
5328
5864
5865
8820
5867
5868
5869
153
7968
5872
2897
129
3672
4924
5534
9949
8285
5880
5881
3007
5883
5884
1264
5886
262
6396
5889
7852
5891
754
7446
5894
5895
3724
1783
6374
5899
5900
5901
5902
5903
2658
5905
2806
5907
5908
5909
5910
5911
5912
666
9140
6115
5916
7175
5918
5303
4101
5313
5922
5923
8173
5925
5926
5927
5928
5929
5930
5931
5932
5933
5934
732
8757
5542
5938
5939
5940
5941
5942
5943
1920
5945
4081
5792
5597
5949
2091
6176
5952
6107
5954
5955
1439
5957
8287
234
4879
3068
5962
5963
3628
5965
5966
5967
5087
6644
138
1402
5972
5973
5974
7098
5976
7046
1019
5979
1036
7809
6686
5983
5984
904
5986
4595
8360
5989
6544
5991
5992
9231
5994
5995
7764
3521
5998
5999
6000
9398
6002
6003
6004
9041
5821
2685
6008
6855
4778
3199
6012
8920
6014
6015
6016
6017
6018
9855
1772
7198
6022
1600
6024
7456
6026
6027
2527
6029
5772
6031
6032
6033
6034
6035
4366
4657
6896
6039
6040
9161
6042
6043
2273
8829
3945
7577
6048
6049
3217
6051
6052
7152
6054
3908
6056
6057
4406
6059
6060
6061
6062
1195
6064
1123
2859
783
6068
6069
5140
6071
6072
556
6074
6075
5602
6077
6078
8257
6080
6081
6082
6083
6084
6085
6086
6317
79
6089
6090
6091
6092
6093
6094
1967
4212
554
175
6099
6100
6101
6102
6103
6104
6105
7624
5953
6108
6109
6110
6111
6112
2300
3343
5915
8894
8292
6118
6119
1267
7681
6188
6123
697
1378
1175
1304
6128
1428
6130
6131
6132
4645
6020
9816
6136
6137
4276
6139
6140
7492
4480
4734
6144
69
9653
6147
6148
4485
740
6151
6058
5468
6154
6155
6156
6157
6158
4309
6160
6161
6162
2969
8471
8698
6166
6167
8420
2416
3779
6171
6172
6173
6174
6175
5951
636
6178
6179
5785
6181
6182
8264
6184
9556
6186
6187
6122
8426
6190
9402
6192
6193
6194
1049
4633
6197
7876
7604
6200
6201
8652
7037
821
7356
6206
6207
6208
1025
1490
6211
3939
6213
1432
6215
6216
6217
6218
6219
8213
6221
2776
7733
1569
6225
6226
6227
776
515
8303
6231
6232
2387
6234
1749
6236
6237
6238
7312
6440
6241
5105
54
6244
3573
6246
6247
6248
6249
6250
6251
692
2843
6254
6255
6256
5294
6258
6259
6260
7323
2466
8067
6264
6265
9046
6267
6268
2565
2945
6271
1014
6273
6274
6275
7322
6277
6278
6279
4391
6725
6282
6283
6284
6285
6286
4990
2195
5108
6290
6291
2948
3731
5302
6295
6296
882
4588
6299
6300
6762
6302
6303
5800
6305
6306
6307
6308
6309
7857
2985
6312
8077
5666
6749
6316
6087
6318
6319
8440
8364
6322
6323
6324
6325
1365
6327
7774
6329
6330
1968
6332
4330
6334
830
9655
6337
6338
6339
6340
1905
6342
6343
2312
6345
6346
6347
6348
8864
6350
1996
6352
6353
2903
9461
6356
6357
6358
6359
7906
6361
6362
6421
563
6365
6366
6469
4909
4957
4457
6371
6372
6373
4357
5920
6376
8907
4007
6379
3101
6381
5465
2152
6833
7574
5888
6387
6388
7404
5985
391
6521
8035
6394
6355
3140
6397
6398
6399
6400
6401
6402
6403
6404
8179
9301
4278
6408
6409
6410
6411
831
6413
6414
6415
9230
6417
6418
6419
9837
4082
6422
6423
6424
3071
7670
4324
6796
6429
3200
6431
7425
2957
3249
6435
8582
6437
7880
6439
9597
6441
6442
6443
1767
6445
6446
6447
6448
6449
6450
6451
9733
269
6454
6823
6456
4690
6458
2083
2900
6461
2682
6463
6464
6465
6466
4096
6468
6367
6470
6471
6472
7863
6474
6475
7534
4013
6478
1179
488
8799
7573
6483
342
6485
6486
3890
6488
1307
4301
6491
6865
6493
6494
6495
414
3232
6498
6499
4493
8911
6243
6503
3644
5382
6506
6507
9073
6509
8306
6511
1641
6513
6514
6515
6516
6517
2835
3057
6520
7110
4028
6523
5812
6637
2655
1425
6528
6529
6530
6531
1466
6533
6534
6386
6536
11
2967
6539
2380
5284
6542
6543
2734
8562
6546
1989
6548
6549
6550
6551
1859
6553
6554
6555
6556
6557
6558
2351
6560
2254
1954
6563
6564
8526
6566
6567
6568
6569
6570
6571
6572
6916
3650
6575
7336
3572
6578
9726
4972
7149
3050
6583
6535
4885
6586
856
1385
6589
6590
417
6592
6593
3927
6595
6596
6597
6598
6599
1048
1595
3687
6603
1245
6605
9040
6607
3010
6609
6610
8510
6612
9356
6614
6615
6616
6617
8893
5964
4927
6621
6622
9718
6624
5692
6626
2111
6698
8707
6630
8808
4266
6633
6634
933
4494
5837
6638
6639
3518
6641
4883
6643
5969
6645
4072
6647
6648
6649
6650
6651
6652
8413
6654
6655
8575
3962
6658
6659
6660
6661
8862
7625
7948
6665
6666
6667
4570
3813
6670
7596
2371
6673
6674
8140
762
6677
6678
6679
9393
5349
7111
6683
4166
72
8458
6687
8432
4242
6690
6691
6692
3495
6694
6695
6696
6697
6628
6699
6700
6701
7911
6703
2744
4306
5481
4594
6708
6709
6710
6711
3777
6713
6714
2096
6716
6717
6718
6719
6720
591
6722
790
6724
6281
6726
8493
6728
3824
6730
8818
4227
6836
6734
6735
9822
2201
5178
9516
6740
6741
6742
8873
6744
6224
6746
6747
6748
6619
6750
9528
6752
6753
6754
6755
6756
6757
499
6759
6760
8202
7617
6763
3505
6765
6766
6304
2354
809
6770
6771
95
6773
6774
6775
6776
6777
462
7271
6780
6781
6782
6783
6784
6785
6786
6787
206
6789
2426
6791
3358
6793
6794
6795
6428
8477
6798
2640
6800
6801
2782
6803
6804
6805
6315
6807
6808
6809
6810
4497
9910
5029
6585
1291
6745
6817
1809
6819
6820
5835
6822
6455
6824
8154
6826
6827
6828
6829
6830
6831
6832
2634
8040
2289
6733
3878
6838
4822
6840
6841
6842
6843
6844
6845
6846
6847
6963
6849
9219
6851
1244
6853
6854
7816
6856
7993
6858
6859
9598
6861
6862
6863
827
6492
4292
6867
6868
7012
6870
6223
4034
5502
2010
6875
424
1893
6878
6879
6880
6881
6882
5483
6884
1222
31
6887
6888
6889
6890
8456
1111
6893
2923
6895
8696
6897
6898
8554
3520
197
6902
6903
6904
4712
6906
6907
6908
6909
6910
4233
6912
6913
6914
6915
6573
4088
6918
3191
1259
6921
6922
2862
6924
6925
6926
6927
6928
6929
6930
6956
6932
6933
2130
6935
6936
6937
5010
7563
6940
8054
6942
6943
6944
6945
6946
7116
9519
6949
6950
6951
1465
6953
447
6955
4612
6957
1163
3502
4425
6961
1978
205
6964
243
4196
6967
6968
2503
6970
6971
2186
4291
6974
3852
3014
6977
6978
680
6980
2209
6982
6983
8070
6985
6986
6987
6988
6989
6990
8438
2287
8992
50
3946
6996
7143
7819
6999
7000
2992
7002
7003
3659
7005
7006
7007
7008
7009
7010
4841
8835
7013
5296
9499
7016
1959
7018
7019
7020
3531
7022
7023
7024
7025
7026
7027
7028
2710
5523
3087
8221
7033
7034
7035
7036
6203
7038
7039
7040
7041
5717
7043
7044
7045
5977
7047
7048
7049
2517
5627
7052
7053
7054
7055
7056
7057
7058
7059
7060
7061
1986
8736
1906
7065
7066
7067
7068
7069
2673
9780
8537
7073
7860
7075
7076
2750
7078
7079
7885
4627
780
8258
7084
1911
1500
7087
7088
7089
5149
7091
7092
7093
7094
7095
7096
7097
5975
7099
7100
7101
7102
7103
5082
4203
7106
7451
4887
4737
4640
6682
2894
43
7114
3870
6947
7117
7118
7119
2578
7266
4455
7123
6165
7125
7126
7656
3653
8197
3025
7131
2792
7133
5682
7135
318
601
7749
7139
7140
7141
7142
9923
1481
9176
7146
5577
7148
6581
7150
9599
6053
3
2623
9508
7464
7157
7158
7159
7160
3965
7162
7163
5440
7165
7166
7167
7168
7169
7170
7171
8109
7173
2743
5917
7176
7177
6873
7179
2292
7181
7182
7183
3302
4262
7186
7187
7188
7189
7190
3658
7192
7193
6487
7195
3696
7197
6021
5667
7958
7201
7202
7203
7204
8567
321
7207
3168
406
7210
7211
7212
7213
1892
8910
7216
7217
7218
4289
7220
7221
3545
9514
7224
4220
8168
7227
7228
9863
7230
5370
7797
6501
8219
7235
7236
7237
7238
9579
7240
4543
7242
7243
7244
7245
8878
7247
7502
7249
5665
27
7252
1430
1872
7255
5603
7434
9353
7259
2444
7261
7262
7263
7264
3896
1823
4295
7268
7269
1339
720
3816
7273
8335
7275
818
7277
7278
7279
7280
7281
1516
7283
7284
4040
7286
7287
7288
8130
3466
4460
744
9238
7294
4550
7296
9256
7246
7299
7300
7301
7302
7303
7304
7305
8441
7307
7308
7309
8540
7311
365
1502
1868
7315
4607
6715
9750
7319
7320
9790
6276
7014
3843
7325
7326
7327
7328
7329
1349
7331
7332
8442
7334
7335
6576
6360
7338
7339
3055
7341
7342
7343
3698
7345
7346
3544
7348
1189
7350
7351
7352
2068
7354
8613
4884
7357
7358
4471
7360
7361
7362
7363
7364
7365
7366
7367
4817
7369
7370
5133
7372
7373
7374
2211
1987
7377
7378
7379
7380
7381
8845
7383
3968
7385
4718
9553
7388
7389
7390
3419
120
1721
7715
5092
7396
6010
1400
7399
4157
7401
1261
338
6389
986
7406
1171
9182
7409
7410
7411
7412
6505
6159
1300
7416
7417
4771
7419
4668
3510
4780
9130
9685
6432
7426
7427
7428
7429
5000
3077
7432
7839
8601
1501
7436
7437
7438
7439
2915
7441
3732
4616
2952
4890
633
9417
4422
588
7450
3369
7452
8593
7454
7455
6025
7457
7458
7459
7460
7461
3477
7463
6613
2874
7466
7467
9267
7469
7470
7471
9044
6811
604
4411
7476
8525
7478
7479
7480
7481
378
7483
7484
2193
7486
3054
7488
7489
7490
7491
9043
7493
7494
1820
7786
1421
7498
7499
3796
8880
4338
7503
2400
7505
7506
7507
8327
7509
7510
7511
7512
7513
6712
7515
7516
8551
7518
7349
7520
1748
7522
9723
7524
7525
7526
1860
7528
7529
5467
7531
7532
7533
6476
7535
7536
6292
518
7539
5819
7541
3153
7543
7544
252
7546
8571
7548
9246
7550
9809
7552
1192
7554
7555
6183
7557
7558
7559
7560
7561
2582
6939
7564
7565
7566
7567
7568
3468
7570
7571
7572
2841
5875
7575
5914
5489
7578
7579
7580
9875
6631
1127
9232
548
8541
7587
7588
7589
7590
3684
3586
9889
7196
7595
1467
4239
9425
7599
7600
3584
1570
7603
6199
7605
8117
7607
7608
7609
7610
9345
7612
7613
7614
1411
7001
6301
9926
7619
4801
7621
3456
7623
1664
8986
7626
935
7628
7629
7630
7631
4015
7633
7634
7635
273
1725
7638
4383
4503
7641
7642
7643
6825
2376
166
7647
9366
7649
7650
7651
7652
7653
7654
4604
7127
2279
1997
7659
4502
1270
7662
2801
7664
7665
7666
7667
7668
3394
9872
177
7672
7673
7674
7675
7676
7677
7678
7679
7680
9358
7682
7683
7475
7685
7686
8940
7688
7689
7690
7691
7692
6577
7694
5789
9257
1896
7698
8641
7700
7701
9374
7703
7704
19
7706
7707
7708
2293
2809
5191
9856
7713
7714
5563
7716
7717
420
7719
5008
2482
7155
4925
5618
7725
7726
7727
7728
7729
7730
7731
7732
7333
7734
7735
7736
7737
7738
7739
7740
5724
7742
7743
7744
7745
7746
9869
7896
1279
7750
7751
7752
7753
7754
7755
7756
7757
7758
964
7447
7761
8901
7763
5996
7765
7766
7767
7768
1252
7770
7771
7772
7773
6328
3551
7776
7777
7778
7779
8778
7781
7782
9821
164
9791
9450
7787
7788
4010
7790
4062
8459
7793
7794
7795
7796
7232
7798
3995
5383
357
1266
4490
7804
2942
7806
4761
7808
5981
7810
9812
7812
7813
7814
876
1053
7817
7818
6998
7820
7821
7822
7823
4441
3568
3582
7827
7828
7829
4638
7831
1624
7833
4785
7835
7836
7837
3645
9509
7840
7841
7842
871
2570
7845
7846
4768
7848
7849
7850
7851
467
3812
5377
9760
5714
3326
5699
7859
7074
2769
7862
1447
8175
3187
7866
4399
7868
5276
9576
7871
9244
7873
2472
7937
4582
8129
7878
3045
6438
7881
7882
657
7884
7080
7886
5553
7888
7889
7890
7891
7892
3739
1918
9782
1900
56
7898
7899
7900
7042
5259
9745
4621
7905
7337
5950
7908
7909
7910
6702
7912
5804
7914
5693
7916
8777
5776
7919
7920
7921
7922
6508
7924
7925
1413
9753
7928
9422
7930
7931
995
7933
7934
7935
1034
7875
7938
7939
6349
1357
5874
7943
7944
7945
7946
7947
7472
7949
7950
7951
8559
7953
7954
5721
5471
8522
4872
4809
3950
913
3798
7963
5145
4766
7966
7967
1231
7969
7581
7971
7972
7973
7974
7975
7976
7977
7978
7979
396
7981
7982
7983
7984
8023
7986
7987
9785
2486
7990
7991
7992
3762
9578
7995
616
7997
7998
7999
1448
4793
8002
8576
8004
8005
8006
8007
1881
4375
8010
4500
1443
5739
1762
6145
7551
5504
8018
7402
115
7556
5339
7985
4076
8025
8026
3053
2718
8029
8030
7867
3240
1886
8034
2138
8036
8037
5585
8039
5409
8041
643
8815
8044
8045
674
5121
311
4055
8616
8051
275
8053
6941
8055
8056
1961
8058
4285
8060
7497
9010
3537
8064
8065
8066
6263
8068
2761
6984
8071
8072
2438
8074
8075
6205
6313
8078
8079
8080
7684
8082
8083
6430
210
8086
8087
8088
9224
5006
8091
8092
4139
2777
8095
8096
51
7090
8099
8100
8101
8102
8103
8104
3211
9615
8107
8108
7172
2469
8111
9091
1720
8133
8115
9143
7606
7929
8119
8120
8121
3322
3047
6852
8125
7113
8127
8128
9453
7289
8131
5255
8114
9736
8276
8136
8137
8138
6894
8296
8141
8142
8143
8144
8145
4260
8147
8148
8238
8150
4368
4671
8153
4401
8155
8156
8157
9063
8159
8160
8161
8162
8397
224
8165
8166
8167
7226
8169
4190
8171
8172
5924
4663
5417
8176
6502
3329
6405
8180
8181
8182
8183
4418
8185
8186
2027
8188
8189
8190
8191
8192
8193
8194
212
3401
7129
319
3304
6380
8535
3960
8203
8204
5642
8730
8207
4032
8047
8210
8211
2307
2126
1939
8215
8216
8348
8218
7115
8220
7032
8222
6050
8224
8225
4830
8227
8228
8229
8230
8231
2726
8233
8234
436
4123
5663
8149
8239
8240
8618
8242
8243
8244
8245
1463
8247
4928
775
4294
5809
6242
8253
8254
8255
8256
6079
7083
3492
8260
9280
3873
8263
8644
3377
8266
2554
8212
8269
8691
6364
8476
3183
8274
1995
2018
8085
8278
8279
8280
8281
9609
1169
130
5879
8286
3926
8288
8289
8290
8291
6117
8293
8294
8295
6675
8297
8298
8299
1506
8301
8302
6230
8304
8305
6510
5317
4868
3986
8310
8674
8312
8313
8314
1897
3838
8317
3019
9454
8320
8321
8322
8323
8324
8325
1916
3384
8660
3209
8330
1654
8332
8333
9171
7274
2129
9335
8338
8339
2752
8341
160
4507
9667
8345
8346
8347
4845
8349
8350
8351
8352
8353
3900
4767
8356
8357
8358
3048
1020
8361
8362
982
6321
8365
8378
8367
8368
9107
8370
8371
8372
8373
8374
8375
8376
8377
8720
8379
8380
8381
121
7760
9891
8385
9729
8387
8073
8389
6778
8391
8392
8393
3576
8395
8396
3662
8398
684
8400
2820
819
8403
8404
8405
8406
8407
8408
8409
9706
9151
509
118
1027
7421
4423
7843
3967
8419
2490
8421
8422
8423
8424
2205
9079
8427
8428
8429
8430
5778
7887
8433
3375
8435
8436
8437
6991
2435
9233
7306
4782
8443
8444
8445
640
8447
8448
8449
8450
8451
8452
8453
8454
3171
843
8457
4187
7124
8460
8695
8462
8463
8464
8465
8466
8467
8468
8469
3141
6164
2666
8473
599
1535
8272
6797
8478
7792
8480
3457
2978
8483
8484
8485
8486
8487
9462
8489
8386
8491
8492
6727
8494
8495
8496
8497
8498
8499
8500
8501
8502
5466
2375
8505
8506
7465
8508
8657
6611
8511
8512
8513
8514
7229
8685
8517
8518
8676
4660
8521
7957
8523
9946
2149
3003
1587
8528
2991
8530
8531
9414
8533
8534
8201
3617
7072
8538
8539
7310
1694
8542
1864
8544
5566
1130
8547
8548
8549
8550
2764
8552
8553
1992
8555
5744
8557
8558
6149
8560
8561
8139
8563
5607
8565
8566
1755
1835
382
8570
7547
8572
8573
8574
4218
8003
8577
8578
8579
8580
8581
6436
1580
8584
587
201
6063
4576
803
8590
8591
4492
5709
8594
1699
1088
8434
8598
8599
8600
9965
8602
816
8891
4433
8606
8607
4559
8609
8610
8611
8612
7355
675
295
9432
8617
277
8619
8620
8621
5870
8623
2719
4337
8626
4711
8628
8629
8630
7260
8632
3273
8634
8635
8636
4944
8638
8639
9298
7616
8642
8643
2368
8645
8646
8647
102
8649
8650
8651
6202
9513
5861
8655
8656
8509
2015
8659
9018
8661
9947
3988
4894
8665
8791
8667
8668
8669
8670
5161
8672
8673
2202
370
3084
8677
8678
9274
8680
8681
5041
8683
9410
8516
8686
8687
8688
8689
8690
1148
1498
3554
8694
8461
6038
8697
4680
4244
6972
8701
8369
8703
8704
779
8706
6629
3415
7253
1792
8854
8712
8713
8714
2334
8716
8717
8718
8719
5202
9548
8722
1675
324
8725
4245
8727
8728
8729
8206
8731
8732
8733
1095
3231
7063
8737
4535
8739
4293
8741
4318
8743
4093
8745
8746
8747
4199
2173
8750
3904
8752
8753
8754
8755
9260
9360
8758
3347
8760
5422
8762
5124
8764
1144
9416
8767
8768
8769
4642
2029
8772
8773
3788
8775
1424
3072
7780
8779
8780
1124
8882
9344
8784
8785
2489
1559
8788
5605
8790
2313
8792
1451
1917
8795
8796
9781
8798
6481
8800
8801
8802
711
528
8805
8603
8807
927
5196
5046
8811
8812
8813
8814
8043
8816
8817
8933
8819
8033
5765
4287
7330
8824
8825
8826
8827
1493
6045
8830
8831
8832
5034
8834
6869
8836
8837
8838
8839
8251
8841
8842
5589
5194
4435
8846
8847
8848
8849
5048
4181
8852
9630
7519
8855
8856
3099
109
8859
9329
8861
5826
8863
7825
5406
8866
8867
8868
8869
4074
8871
6960
8981
8874
2204
5525
3085
7298
8879
188
8881
8782
8883
5218
8885
922
8887
343
2502
1923
8604
8892
6618
6116
8895
8896
8897
9309
8899
8900
7408
8902
8903
8904
8905
8906
6377
8908
4901
237
3125
1292
8913
8914
6537
8916
2603
8918
8919
6088
8921
8922
8923
8924
8925
8926
2060
2870
5144
6620
8931
8932
2648
8934
5385
8936
8937
8938
8939
42
7180
8942
8943
8944
8945
8946
8947
8948
3321
8950
8951
5306
3257
9386
8955
8956
8957
8958
8959
7257
8961
8962
8963
8964
903
8966
8967
8968
5680
9320
8971
8972
8973
8974
9208
8976
8977
7145
8979
8980
6525
8982
8983
745
8985
6663
3379
8988
8989
8990
8991
6993
8993
3865
8995
8996
9027
8998
8999
9000
981
1634
5311
9004
9005
9006
9007
9008
9009
8062
9779
9012
5568
9539
9015
9016
9017
8328
4669
6693
9021
9022
9023
9024
6676
9026
690
9028
9029
9030
9031
9032
9033
9034
2308
9036
156
5364
9039
2709
9405
8135
2964
6664
4919
9295
9047
9048
8765
9050
9051
9052
9053
9054
5808
9056
525
9058
9059
9060
9061
9062
8158
1223
5799
9465
9067
2039
9069
9070
9799
9072
9057
9074
9075
3280
1518
699
6189
9080
9081
6384
4956
1895
9085
2586
9087
9088
9089
2647
1617
9092
9093
9094
9095
9096
9670
9098
9099
9100
9101
1985
122
9104
9702
9106
8702
9108
182
186
9111
9112
9113
3252
9115
5904
9117
9118
9119
9120
9121
9122
3078
9124
9125
9126
9127
3385
9129
7423
4539
9132
9133
9134
9135
9136
1006
9138
9139
607
9141
9142
8116
9144
9145
9146
9490
9148
9149
3937
8411
2600
4857
4041
7200
9156
8715
9195
4427
9160
1450
9162
9163
9164
9165
9166
2095
9168
9169
8094
8334
9172
9173
1586
9175
8978
9177
9178
1957
9180
9181
9961
9183
9076
552
9186
9435
9188
9189
9190
1114
9192
9193
9194
2031
9314
7292
3567
1880
9200
9201
9202
9203
9204
9205
9206
4064
8975
9209
9210
9211
9212
9213
9214
9215
9216
9217
6954
814
800
1581
9222
9223
1354
2305
9226
9227
3262
3145
6416
1952
7584
6320
9234
9235
9236
9237
2558
9239
9240
9241
9242
9243
7872
9788
7549
7276
9248
9922
4108
9251
9252
9473
9254
9255
7297
4995
9258
8954
4819
6
9262
9263
9264
9265
9266
7468
9268
9269
5959
9271
4255
4548
8679
9275
2357
5355
9278
9279
415
9281
3642
9283
9284
9285
9286
9287
9288
9289
9290
5056
9292
9293
9294
1248
1854
6344
4168
9299
174
7206
3784
3893
9304
2259
8198
9307
9308
4179
9310
9311
9312
3711
9196
9315
9316
9317
9880
9319
8970
4760
3226
9323
9324
9325
1239
9327
9328
5354
6129
9331
2676
9333
9334
9277
9336
9337
9338
195
9340
9341
4159
9343
8783
7611
9346
9347
9348
9349
9350
9351
9352
5155
9354
9355
5298
9357
6121
9359
2281
9361
9525
9363
9364
8930
8118
9367
9368
9369
9370
9371
9372
3602
7702
9375
9376
9377
9378
9379
9380
9381
1054
9383
9384
9385
4163
9387
9388
3165
9390
9391
9392
5297
9394
560
9396
9397
6979
9399
9400
9401
6191
9403
9404
8751
9406
9407
4135
9409
8684
9411
9412
760
4733
2113
71
6545
9897
9419
1348
9421
7295
9423
5505
7598
9426
5057
9428
9429
1801
9431
1879
9433
9434
3726
9436
8177
9438
594
2868
8163
9442
9443
9444
5359
9446
9447
9835
9449
7496
4388
9452
471
8319
3610
9456
9457
9365
1733
4382
6395
8488
333
9464
3874
5844
9467
4635
4655
9470
2101
9472
9253
9474
1963
9476
9477
9478
9479
7147
9481
9482
9483
9817
231
9486
5820
4191
9489
9660
9491
9492
5378
9689
9495
9496
3296
4122
7015
9500
9501
9502
9503
4005
9505
4807
9507
7722
5065
1697
6688
1210
8653
7223
7164
6739
9517
9518
5780
3621
4598
9522
9523
9524
9362
9526
9527
6751
1072
9530
9531
9532
9533
9534
9535
9536
9537
9538
7883
4429
9541
9542
9543
4110
2668
9123
268
2264
9549
9652
4169
9552
2953
9554
9555
6163
9557
3611
2194
9560
9561
558
7473
8042
9565
9566
9567
9568
6680
9570
9571
3009
9573
9574
9575
7870
9577
4436
5958
9580
9581
9582
380
9584
9585
9586
9587
9588
1147
111
9591
9592
9066
9594
2770
3791
3649
629
3744
2587
9601
9602
9603
9604
9605
9944
6743
634
4949
2145
9616
6885
9613
9114
8106
9460
313
9618
9619
9620
824
2116
2104
9624
9625
9626
9627
2430
1477
8853
3155
9632
9633
9634
9635
8021
9637
9638
9639
9640
9641
9642
9643
9644
9645
9646
7687
9648
4736
9650
9651
9550
5591
9654
2345
9656
5413
9658
9659
9147
7942
3197
9663
3638
9665
10000
3251
9668
3969
9097
9671
7442
9673
9674
9675
9676
8399
540
2604
9680
1299
4087
4310
9684
5322
1097
9687
578
6812
4948
9691
1529
9693
9694
5594
9696
9697
9698
9699
9700
9701
4614
9784
9704
9705
9842
2248
9708
9709
9710
4380
9712
3527
9714
1078
9716
9717
6623
9719
9682
513
9722
5512
395
9725
6579
9727
9728
8490
34
9731
4810
6452
7205
9735
8134
9737
9738
9739
9740
2088
9742
9743
9744
7903
9746
9747
9748
1121
7318
4009
9752
7927
9382
4527
9756
9757
9943
9759
2132
9761
4328
9763
9764
9765
4489
9767
9768
9769
9770
9771
9772
9773
9774
9775
141
9777
4677
161
2439
8797
7895
9783
9703
7988
9786
9787
9245
211
6333
9628
9792
9793
3819
9795
9796
9797
9798
2858
9800
3540
3201
9803
9804
4092
1866
9807
9808
8016
9810
626
7811
6044
9814
520
6473
6857
9818
5592
9820
4098
8028
9823
9824
9825
9826
9827
5083
9829
7800
9831
9832
9833
6335
3787
9836
4600
9838
341
598
9841
8410
9843
9844
9845
9846
9847
2378
979
9850
9851
5763
9853
9854
6019
7712
9857
2583
9859
9860
3752
9862
3067
9864
9865
9866
9867
9868
7747
9870
4538
6426
9873
4235
7970
4599
9877
9878
514
9318
2467
9882
9883
9884
9885
9886
9887
9888
7593
9890
736
258
8268
9894
4676
9896
1462
2917
1735
6976
9901
4649
624
3242
2552
9906
2735
9908
1610
9494
9911
9912
9913
9914
9915
9967
9917
9918
9919
596
9921
9249
4558
9924
9925
7618
9927
1929
6952
1139
9931
9932
3318
9934
9611
2755
5437
2302
4689
9940
792
9942
9758
908
9945
3235
8662
9948
6518
9950
9951
6095
9953
9954
9955
9956
9321
561
9959
9960
364
5652
2074
2812
8960
9966
9916
9968
8416
183
9971
9972
9973
9974
9975
9976
9977
9978
9979
9980
9981
9982
9983
9984
9985
9986
777
9988
9989
9990
9991
9992
9755
9994
9995
9996
9997
9998
9999
9666
