927
154
3
109
5
6
516
8
151
181
11
253
784
636
397
282
899
18
19
20
21
22
23
24
550
321
27
28
30
29
31
589
33
992
828
858
37
747
39
40
724
42
12
44
45
662
477
48
728
50
51
52
53
225
240
56
57
739
59
60
61
62
63
537
877
749
67
68
69
70
71
72
73
74
75
76
77
78
79
80
206
82
853
936
85
86
87
88
89
90
91
229
93
94
985
320
97
46
973
279
101
102
564
518
105
405
107
116
937
110
111
112
113
115
904
95
763
789
119
120
241
122
123
507
996
385
906
800
129
165
131
132
825
592
135
136
137
359
139
140
141
308
400
144
396
146
147
148
149
980
160
152
641
2
155
134
157
924
454
551
161
162
163
164
210
441
357
950
169
792
171
788
173
174
175
486
306
398
267
180
10
182
183
184
185
186
187
188
124
254
191
192
416
770
358
325
125
811
199
200
911
202
203
731
205
81
207
208
209
130
534
745
213
214
215
216
711
386
219
220
912
222
223
930
54
226
395
228
561
319
622
951
233
234
235
236
237
676
108
558
755
242
243
244
959
217
247
218
249
772
251
252
493
190
961
256
201
512
826
260
55
262
263
264
265
266
179
513
269
748
271
272
540
274
355
276
277
278
100
280
281
328
283
284
285
371
287
288
289
761
291
292
293
294
905
245
297
298
14
38
301
557
303
413
861
455
307
142
309
310
781
312
313
314
315
975
317
526
230
96
26
322
774
324
474
326
327
730
329
330
331
250
333
334
335
869
394
717
339
340
341
342
343
344
345
346
347
348
843
350
628
352
940
354
419
356
167
586
257
360
594
362
363
58
365
943
631
368
369
370
286
372
373
446
375
376
377
809
700
380
381
505
383
384
34
66
387
388
389
390
391
392
393
337
227
170
541
426
399
143
445
402
403
353
106
406
931
16
978
410
361
412
977
650
762
193
417
418
275
673
948
422
423
424
425
670
427
428
429
430
431
432
433
434
435
436
437
438
145
580
166
442
517
444
401
374
447
716
449
450
451
982
453
159
224
681
457
458
459
659
461
462
463
464
465
466
467
901
469
470
471
472
473
104
475
476
47
478
479
480
732
482
483
548
485
746
487
488
489
490
669
492
43
494
495
496
886
498
499
500
501
898
964
941
382
883
856
508
509
510
511
258
268
514
515
817
443
642
719
520
468
522
523
524
525
318
527
528
529
530
114
796
533
9
626
536
892
538
539
273
819
542
25
544
879
738
956
554
549
543
595
854
553
566
798
556
302
577
559
560
65
562
563
195
598
484
753
568
569
570
571
572
573
574
833
576
691
578
579
694
868
582
583
584
585
712
587
588
32
874
221
156
17
411
259
596
597
565
752
600
601
925
603
974
605
606
607
448
609
232
611
612
841
614
545
616
812
618
619
620
621
231
623
421
625
415
627
351
629
502
535
632
633
198
635
452
637
638
832
640
680
196
643
918
645
646
647
648
705
414
972
850
653
654
655
656
657
658
460
660
661
827
212
664
665
666
261
668
491
178
671
729
968
674
675
238
4
678
679
153
456
682
683
684
685
686
687
688
689
440
723
692
816
822
695
713
875
698
672
379
701
702
703
704
649
706
707
708
945
158
270
103
696
714
715
608
338
718
519
720
782
722
667
41
725
726
727
35
64
408
481
204
733
734
735
916
737
820
364
740
741
742
255
744
663
176
300
246
248
750
751
599
567
754
121
790
757
758
759
760
290
367
721
764
765
766
767
690
769
194
814
697
773
323
775
420
197
778
779
780
880
117
783
13
785
786
787
172
118
756
617
304
793
794
795
15
797
555
799
128
801
552
803
804
805
806
807
808
998
810
634
791
813
771
866
693
336
818
532
546
821
768
823
824
133
919
98
815
872
830
831
591
575
834
835
836
837
838
839
840
613
842
349
844
639
846
847
848
849
652
851
852
83
802
855
189
857
36
859
860
878
862
863
864
865
49
867
581
963
870
871
829
934
590
332
876
873
305
615
311
881
882
506
884
885
497
887
888
889
890
891
902
893
894
895
896
897
921
593
900
521
699
903
531
295
604
907
908
909
910
138
845
913
914
915
624
917
644
610
920
630
922
923
710
602
926
1
928
929
177
407
932
933
92
211
84
677
938
939
404
988
942
366
944
709
946
947
736
949
168
935
952
953
954
955
547
957
958
296
960
743
962
7
503
965
966
967
776
439
970
984
651
99
127
316
976
969
409
979
150
981
299
983
971
239
986
987
504
989
990
991
126
993
994
995
777
997
378
999
1000
