4493
8705
8357
8004
5957
7711
9460
4439
6891
3745
4097
3834
2005
5282
5301
3941
6834
9468
6743
9576
488
2921
5948
7291
7426
3478
4242
9128
2009
6684
2594
8894
8020
9726
6715
1148
589
2653
2617
4849
9801
7607
62
674
4652
7852
181
4788
5304
2256
6943
4701
3306
3372
9599
8628
1953
5873
9484
2151
9522
989
227
537
7122
1639
9904
6260
6168
7430
8631
3620
9766
5628
567
6593
531
6483
6651
1894
5984
5465
527
8157
8607
6433
802
451
5155
7354
2448
4072
1067
3987
233
3837
3590
9245
5953
9907
8820
7437
1979
3787
2099
2249
4840
4570
9719
5108
3042
4107
3467
8477
906
750
5617
4331
1272
5134
82
7283
8373
1837
3697
8691
9074
5505
1144
5607
9728
35
5087
8887
2814
6650
2939
4804
1828
5136
1905
2187
5812
3604
7433
3280
7280
7188
7848
8388
2062
115
3675
6026
7726
8942
5358
5719
491
717
8923
7786
2833
9636
9584
1709
2818
4501
4283
4077
1896
5776
7905
540
272
4575
6302
2071
9784
5759
9635
1487
9238
7232
9589
7961
6630
6971
5839
7087
4206
279
6884
9502
1270
8131
6892
8316
8406
1381
5884
7515
2175
3999
3104
801
9886
6728
8057
9092
2287
3250
7010
8233
6807
7618
9780
427
4574
940
3841
832
2032
8479
6731
3798
1427
7922
1529
4691
7116
4096
955
6479
9839
9670
8963
637
5643
2258
6522
6423
3212
5691
7585
9196
9912
1370
1138
8076
7109
7689
3724
2122
4360
6279
3183
4994
277
5076
2758
756
8904
4646
2925
3910
2309
9459
9075
4936
6362
8231
6022
2194
3772
7276
2221
5826
6129
476
5246
5109
9370
578
9190
1478
8703
5198
5024
9452
7543
7988
7813
1006
7867
7151
4648
657
3737
755
5439
5512
1009
1690
4082
5618
2195
3708
480
4212
4123
2870
3563
4603
5423
2237
9935
7634
7461
7456
6890
1951
591
5413
1920
7592
2080
2643
9407
8610
3525
2973
1133
4204
8796
2755
3023
5666
7691
5789
5350
7567
5758
8734
7605
6941
3560
4286
5580
2033
9449
5791
697
4552
8588
9396
1190
7097
2304
3342
5370
7310
4217
5832
8141
4638
7228
9110
4595
6811
6645
610
7516
4164
7674
310
6607
2349
7189
4711
183
9788
289
5949
7376
7346
2460
3884
9761
2578
7421
8883
1463
8753
2399
4723
1208
4001
6234
3265
6434
514
565
8487
8224
8245
9882
4507
5897
8966
1558
3880
8790
8071
3758
3209
3661
4131
7707
2405
5345
6464
186
1300
7687
2198
7831
742
1205
8974
9008
1059
2540
6868
9476
8949
4149
5515
7184
3869
2948
2788
1206
7941
7037
9629
9249
2592
3557
42
288
7524
6358
9105
6725
534
3561
3862
2335
5453
2246
8560
7708
7511
7794
5275
6079
8806
2300
4514
7520
2485
8108
9752
7893
6368
4837
5861
2055
8217
9261
6207
9010
3863
3567
9651
5595
6179
1140
1502
8092
3008
9179
8987
8410
7938
3045
4798
5291
2229
2766
5974
4025
4762
5615
3385
5695
861
910
4243
7167
764
8175
9189
9471
1874
1842
652
978
8946
1117
3425
812
6608
7533
4818
4340
9928
2248
1281
724
8408
6203
4024
6617
3534
4545
3776
2805
7370
7459
8721
8586
4279
8498
7425
5593
2432
8082
3174
8210
2388
87
3818
7911
811
8792
2721
2958
7666
3757
9889
9900
3533
5401
8795
7029
1309
1518
6410
1719
6093
5941
7487
9879
7655
7761
5747
224
6352
5041
473
1848
7853
6315
2368
5929
1624
9412
1825
1945
9995
1274
9015
5644
1909
3444
1286
4295
8810
1424
4665
9684
8551
7756
9797
2705
3471
942
420
7775
4183
3025
1574
8475
731
7295
3287
2476
8785
3735
4352
7806
4618
5754
1722
9809
5017
9102
6135
4437
425
5254
7340
6733
9352
8877
1347
9287
3222
1484
4480
2616
6696
1219
4009
7505
9066
9982
3591
432
556
5283
3271
6693
2482
3057
3260
6205
6622
6062
8040
482
206
7630
1659
4381
3018
324
8075
5702
9244
8438
6829
6604
4824
1547
3681
2949
341
7983
5159
800
3255
5147
4720
9297
4103
4069
9595
8311
4538
616
6460
4526
846
4215
809
9550
9906
8848
3797
4551
6961
7239
7540
1887
3678
4435
4966
9393
423
4470
1592
1619
2683
7587
6316
3582
4135
8189
865
4068
651
2361
1717
7722
7661
5054
8723
8392
7449
4359
2211
9695
7609
2785
1311
1443
5338
6719
3039
5849
8782
1073
7336
2512
4412
5093
8791
8315
39
3273
4186
8229
4266
9783
2073
3936
7643
5440
9185
583
3263
9517
2565
5637
5160
7974
979
5490
3314
1621
8870
64
8309
8578
9220
4506
2780
8270
3041
8980
9557
747
9951
4440
1740
4305
7990
6049
900
7705
8524
7741
6185
9064
2131
1768
9602
828
8492
5367
5549
189
5322
7600
2489
4380
7031
2129
5402
6621
1527
5750
1013
6806
6398
7895
661
5002
705
3805
1773
9175
5865
3433
5226
3022
7275
4065
384
6200
743
1666
2517
1714
4965
159
1940
6687
8416
76
9921
8204
5448
4933
770
5833
1413
8922
4851
3440
4165
5485
9256
4776
3777
5318
9059
1657
1777
3785
2083
1594
9740
1908
7889
2670
154
1947
9919
2990
6106
6192
4688
2136
8812
6606
3550
1582
9808
6338
9083
6592
7406
6881
2369
3405
1775
4173
8746
6970
1620
7933
2989
9829
2964
2003
6838
3015
5608
4680
8669
8047
117
8996
4687
9441
211
1447
4093
2955
9914
1931
3225
1930
194
878
5424
3547
8662
3423
4409
7359
6055
1739
2655
7422
9678
9184
6572
1847
6418
3748
2550
5001
6157
4856
3690
2365
2435
7219
9741
9511
4926
9792
2483
3505
5193
1567
5681
5529
6784
9375
9516
2606
4064
1907
243
6833
5764
2308
8642
8986
7805
5846
6267
7696
3210
3877
5983
8230
2996
8936
192
6564
9397
5327
9230
5395
4727
3926
7259
318
917
9345
6446
9967
8114
9615
9690
3945
8800
5801
7250
3589
7685
5805
1805
6169
8194
3759
5221
665
8574
2107
335
9846
2864
3087
176
8201
2883
9927
9411
4486
6960
103
7686
8879
8924
2457
5626
6985
169
9704
6531
465
678
5506
4848
1242
1850
5704
1277
8011
963
9772
8798
2508
3665
3566
3825
8875
2447
7529
6271
2002
9106
6505
1460
9191
7942
6413
3309
3765
5268
2360
9705
8742
4503
4432
1313
2156
1044
1933
9777
2816
3867
2558
9503
6449
4815
6966
3184
5313
4184
255
6233
2641
6614
4609
5696
2545
5820
5071
5230
9667
4672
7503
8666
852
7021
109
3578
3067
8911
1341
2385
89
6068
6247
6540
1121
7851
2789
2158
8658
1453
2887
3609
9305
2493
9044
3304
6431
1928
4713
4807
8663
2998
6372
8441
3088
4970
9095
8579
3005
4554
9413
4460
6620
5349
5516
5952
2943
3051
4764
8077
5507
4194
9693
7003
9813
6211
667
8929
1612
6983
8876
1867
1983
6119
7453
9878
8290
7289
461
4664
9957
2353
3264
9494
7846
4249
4741
5035
8995
1444
7197
4913
4626
7287
5149
1530
422
1533
8802
7879
2331
5211
4269
6287
8032
5847
2415
7248
8423
9275
1544
7252
9310
4635
7956
4607
7062
9090
6769
4355
592
7683
6787
1340
7801
3252
8515
7569
9181
8429
5454
9586
3147
1628
5011
408
547
2155
4328
9202
5961
7795
2647
6598
70
5786
819
8304
489
5388
7455
8682
6258
6550
6063
6056
3151
7632
5161
8119
6333
8914
2851
3828
3861
3069
4013
1062
4239
7566
5356
3629
1276
6076
864
4805
3335
8892
306
9743
4162
4722
2978
4267
4060
6048
8029
8008
2143
6005
9887
3679
5319
8740
5727
8320
2544
6256
945
6771
7080
4028
6366
14
8694
8339
8797
28
11
185
7414
972
9365
6558
4562
9532
5364
9883
4900
2734
6727
9313
3317
8862
3313
2233
6501
4867
5699
5965
1746
787
6979
9625
4346
4951
2263
4892
8149
9418
7282
5300
3927
7494
44
4332
1853
3892
3721
2794
5227
9198
9307
4621
3601
3654
3028
3635
2636
5933
10000
2410
7434
3950
5646
6716
1373
3989
3365
5586
6162
7253
7412
3143
7872
1696
2437
8420
857
7267
4498
2759
474
4917
6495
5164
8538
7623
4577
1289
7865
7246
2271
3220
4537
2872
6663
9513
4150
2619
119
1213
1697
6740
2846
4384
7762
1661
1622
4442
1942
3712
626
8855
8827
6911
7134
5857
4980
319
8035
8557
1521
9243
4452
5239
6843
4796
9076
8506
7554
9390
3232
7646
2720
7528
2712
313
6790
8007
5745
4816
8670
7814
2959
7045
2753
5000
7330
9445
7436
4557
503
7110
4329
6198
2612
3474
4375
2387
9987
2174
8716
1798
7126
2920
4259
2480
3662
8647
4419
9587
7300
2162
4323
924
7429
7753
9857
6018
1585
6140
6974
4035
9063
3613
6090
1429
1543
6006
9356
4462
6133
325
1956
1703
727
6556
4154
2348
3517
2203
7718
1107
6402
9802
5714
9509
4515
1870
2633
7837
4674
2264
5819
9844
8903
8321
6084
2053
5065
4998
2180
9331
1337
4208
6528
1004
3799
3713
3793
3357
1654
6220
5339
3615
7402
2161
9429
8594
6664
6844
9273
4853
8777
2669
1428
2936
2167
20
4404
6867
5069
1172
6839
512
1751
6484
5096
9114
3982
753
6186
2016
8713
9391
184
2659
3859
7222
9908
4457
8751
3845
4938
855
3979
3882
6586
9180
3685
207
2834
6494
484
3384
2738
9815
1819
1676
9672
5935
8138
9536
9394
6562
4802
7993
2842
9372
5653
3919
182
3142
407
195
5135
2034
3277
4955
8261
8389
7256
6929
8182
6008
7547
7755
3577
9689
2690
460
2862
6269
6857
7765
9497
733
570
9849
4950
5988
2605
6080
649
1668
7513
5224
2888
7260
9681
572
5924
2786
4356
8945
5684
2468
993
9811
9347
7335
9926
2285
4304
4033
9126
9491
1949
9564
3097
5408
2706
7403
1046
2427
9291
8355
5487
1877
6110
1851
808
75
1095
2886
7649
6165
889
7472
2434
7265
9462
1919
3744
8100
596
5063
3836
9718
6647
7971
9731
3925
874
8151
1705
6463
5252
4924
1640
4036
6962
5743
5382
4772
456
7060
5431
232
9553
795
2232
3055
2772
8955
4423
1405
6753
7734
2021
4813
9650
1701
3223
9764
3375
7774
7129
9482
932
4134
3168
579
9466
2736
7878
5377
1180
3874
5906
8019
6761
7416
7665
7508
4703
483
6412
1778
9381
5946
5183
6821
4681
3856
5286
3139
5346
688
5570
5718
3326
9082
7068
5572
1126
5415
1092
1803
6912
77
5107
7124
1324
3876
4789
5886
1922
5771
5848
2575
8176
8448
2114
2703
703
3596
9237
9734
25
6330
1098
561
3049
6642
6334
1609
8282
7427
3229
5032
6781
9017
6567
7826
4252
1891
1104
4973
2678
585
2884
3860
1605
2707
4801
5620
2223
7742
3415
5600
847
3215
9147
4889
7383
6602
7254
1022
3293
1789
4160
5632
105
1591
6296
8464
7570
5977
3294
6691
1764
6131
3380
7053
4245
8208
1303
9444
3354
239
2152
1584
27
726
3955
6347
2057
2572
6386
6121
6360
8591
9248
4833
9939
7360
4420
447
412
2090
3608
3048
8033
1435
549
9505
2045
9611
2771
8750
1761
3954
7161
4657
2380
6918
7172
1656
7398
2965
681
2507
8563
8295
1043
5638
9435
1536
590
9668
5028
2413
8066
4995
7679
5475
639
9427
9942
2498
9694
3450
4231
6939
5850
4728
3164
3921
8380
2680
439
2082
4343
3175
1244
2880
8055
6685
6698
4342
5472
6050
1416
2012
7176
1268
1862
2192
4634
958
7435
6421
6301
7902
1785
7432
9828
3705
9118
3823
3103
1807
2623
1412
627
6594
6163
34
7378
4287
2717
333
9087
496
8516
245
9049
479
532
86
4651
7839
3937
5650
3984
5538
7214
9089
7588
7769
256
7415
2215
3482
2547
3031
4306
8678
8808
6432
6475
5509
9642
4845
4863
1433
388
799
9918
7800
1188
3820
7957
4809
7083
6920
4388
6924
2795
2551
5720
5446
3858
4109
188
9860
8317
4619
8310
5049
3890
6802
9876
2819
8211
4751
1145
6539
4990
9913
7740
2197
9866
6946
3851
2587
873
1727
5122
6928
2245
7821
2474
806
4034
3336
8003
2566
4535
4746
1130
191
4037
9134
7264
9027
5825
4769
7927
5723
6092
5968
9100
155
9432
8700
9944
3392
8725
7233
118
7127
2555
5025
7091
6284
5874
4684
7830
517
7303
5862
7033
7043
6988
6502
2072
7090
1210
3698
9194
6497
9153
3666
8134
614
3614
4895
2986
7678
1490
8590
740
9447
4441
2950
9295
1256
4546
2282
6972
4278
1755
4396
2516
6428
8006
6082
6795
3044
3622
3238
7789
9903
9264
9115
8577
6713
789
3761
9514
4773
854
8572
9582
9453
5979
8292
3850
2526
6841
8297
7159
659
7311
468
2396
4650
5184
1320
4749
8953
9507
5437
3289
9830
8962
7118
9781
6009
1007
3135
8334
6277
9479
8905
5894
5315
8559
6822
9633
1637
1240
4566
5299
1833
2439
2625
7035
746
9316
5021
1331
4086
3303
2620
5014
9875
7575
711
4925
4568
3553
9794
7845
9337
866
518
7727
4915
8739
879
8319
2213
9759
5725
6846
9112
3458
3792
4092
4639
3993
2639
4398
9300
4446
1378
4601
5598
8748
9155
1898
4017
8200
780
793
6956
882
4449
5921
281
2097
4974
725
7768
8693
8762
3268
3089
8873
7890
9679
9333
157
9601
4946
250
4400
586
3571
5540
7463
7361
6982
3100
1691
3917
2899
7550
3971
1875
1677
9968
6896
8235
434
9585
2664
2573
8589
4348
3262
8908
1586
9140
1164
5955
8517
807
3106
3943
1235
448
1540
8202
3956
2346
2276
4418
6043
8058
3334
2438
4510
4877
9916
3656
3494
5373
8916
3906
446
1475
234
3272
2742
4959
1615
85
9560
2947
1468
4529
9099
7944
5255
6590
965
4752
1028
2070
5693
436
5131
6144
1084
7935
9852
9253
2292
2089
1568
6307
126
4591
9657
5662
6152
4191
8101
2123
5892
5436
5537
3251
2792
6900
9871
6987
3720
3132
284
9385
2179
1156
2266
9236
1160
3124
8150
5158
6760
8016
9228
1082
4000
4193
1034
5843
1457
5937
9854
7580
2505
1863
9994
6639
5817
3141
7934
8975
2916
4169
7120
7760
6294
5103
8027
7094
7204
7783
7504
8621
6254
6994
9493
1820
3618
6466
2345
1252
3377
9638
4118
2569
7699
5997
7086
5840
9848
8565
5199
1090
2731
4830
8386
5050
9211
982
2640
8619
4459
5116
6113
1087
6815
2960
3767
6786
275
6959
5099
555
5553
6143
6419
6744
3760
1566
4981
2828
8474
5674
5202
3894
8507
242
5932
8425
757
3131
6677
1038
9231
178
927
6973
5867
1024
8168
9770
7293
9081
9899
1167
2844
6704
6342
4377
6375
9425
9680
441
6176
7396
2250
2656
6654
8028
3905
1680
6845
3391
8356
1944
4364
8817
6640
3807
8661
7842
4119
5003
2279
2746
470
5967
9917
9894
9284
8318
8409
6363
679
890
4632
694
2426
3667
475
1119
6625
9025
8437
6400
7044
7610
6317
4450
9776
4600
7975
3822
1100
4491
8997
1871
6187
2574
4707
4963
8430
6369
5642
3603
9403
7642
9032
8186
7279
3414
8232
2268
6361
5119
6263
6248
500
438
1971
5980
6643
414
3780
3536
7702
8265
2303
3454
1889
5697
593
2176
1388
433
5936
8329
8031
5652
3734
442
3011
270
7507
5767
7439
3498
1994
3073
4128
8535
4799
7811
9281
6792
2138
3248
33
1976
5128
4358
197
9279
8043
2519
981
7628
2120
8527
7141
5194
8056
1556
2374
9885
7703
6117
1575
8886
3138
7105
4301
400
5220
71
552
7379
5712
8159
7641
5132
9424
8067
3786
7586
712
9060
8613
1197
7629
6800
6703
7658
1767
3355
7523
9725
6763
9596
8625
1379
8243
8811
7907
3951
7203
3059
2663
3911
6676
7568
9835
5777
1246
6065
6245
4785
4117
1021
1998
8450
3395
571
1712
2443
5715
1488
4197
4716
3630
6509
4620
7778
5323
492
9103
862
2823
4265
4448
9440
3738
7471
6914
4956
7713
7364
7532
6619
8400
690
8702
6318
7183
2999
9655
1549
6150
7305
4472
9833
7108
5766
5734
5013
814
5296
5780
8314
7788
7357
2028
5473
1557
3953
8263
9744
8291
1113
2748
4495
8496
8105
4374
1323
8014
4456
3490
736
5375
2219
6788
5783
8816
3470
2630
3278
4216
9724
8909
386
5655
9157
9515
3378
2829
1749
1973
2039
2530
4502
9798
2681
3893
359
3671
3038
5174
3977
6096
2199
24
8087
8912
4172
1935
4754
1302
1271
2094
5269
5591
7652
6160
4300
7317
9685
3196
3699
5999
8300
9426
974
2375
5351
9406
7759
4272
4478
8554
7514
2305
6583
8180
9252
7525
1647
3032
5171
3321
4310
9098
8152
5371
813
1408
5880
5757
4706
6429
6603
5157
4369
1128
6414
5251
6383
5045
9470
8615
2723
7558
4240
4677
779
5902
2667
2503
4312
8118
5378
6514
5015
5046
7995
9260
8715
8847
4431
5214
7375
5685
9617
8394
8718
1052
5240
6898
9898
4489
5976
1554
8710
580
5998
4112
3300
3766
4885
5396
7615
3503
5571
7963
9529
5191
8650
9200
5298
6132
916
1025
1787
1629
3983
4797
1485
7797
4198
8584
6396
4315
3546
3881
8393
4260
9739
973
6442
5698
7498
1026
4325
3350
2561
5176
6678
3808
1177
3948
5785
2408
519
2677
3901
1162
5533
2416
67
4316
3374
8140
9729
3166
3718
3296
3347
361
6666
3692
8675
5809
3345
4588
4662
2295
6351
7937
5144
2908
5311
1376
3046
2239
7947
9985
1336
6029
6071
9457
5914
6658
6136
5328
9979
8593
2962
2838
5352
4644
3117
352
3585
8906
2238
5680
4233
8511
4605
4485
8711
2181
4800
3426
6993
2533
7488
6083
4393
2588
262
3216
1704
8760
4044
5181
599
9540
7869
7369
1385
4421
3123
8336
8635
6825
6451
1532
8570
4714
1747
542
928
6415
8212
1546
2571
5428
2534
1231
9727
2030
2352
4032
3487
3774
3624
4192
7692
5004
3873
4911
7579
8646
7627
3358
5828
2595
6359
2066
5797
9940
7602
4542
3915
4336
9800
8673
7560
7644
6803
4528
529
8039
682
5890
7716
4046
6108
8214
9492
6357
7820
5051
4765
1402
5581
9158
2970
6722
911
5074
4030
3328
6099
8481
7964
6904
7535
8845
6566
1359
2832
1459
315
7328
1726
8223
6576
3116
7544
6680
7502
3528
6392
1184
4196
4405
1551
5841
9174
5186
9052
760
3821
5823
4327
9272
4564
762
6674
9003
5156
5027
6034
5044
7084
4187
5721
6866
2954
638
5519
6485
2325
2445
8036
5196
2853
7423
1522
9545
7153
4682
885
9568
2726
235
8284
6872
3719
2366
3085
7470
9224
3457
2787
6443
2928
1194
1247
9358
6007
4823
8846
2400
6739
7531
6895
58
7444
1526
2193
5730
2825
5838
3549
3281
7968
4817
8561
2543
1516
1796
1881
7284
4881
8968
7059
1222
2929
1941
2903
4512
915
1477
1439
3253
3524
1454
3504
3722
4389
4048
6710
4089
1400
5864
9549
1876
314
2790
6919
3161
2382
6235
5992
4871
2038
6310
5486
687
9881
7216
6127
1708
7884
9993
2052
2976
344
2453
3544
7676
701
9805
7668
7803
5911
4067
305
8340
8529
8148
7431
8841
1411
7886
7526
5145
9288
4474
6344
5498
6229
7278
6188
1694
5705
6450
3434
7562
6468
8823
6767
147
2314
1589
8972
8170
9483
9715
9963
5266
5779
7781
3228
8278
309
3527
7977
1602
2977
6937
6673
3310
7624
8825
5010
8741
2355
7932
2255
8127
4908
2327
2418
6457
8213
4362
1474
280
551
7517
6808
3610
797
9379
823
2037
3819
4011
2557
241
2417
1431
7506
1419
2932
6380
96
6116
8251
5975
7186
8158
8978
8970
6532
9523
4550
4426
2429
6506
7735
2635
165
8062
9161
4761
4855
3865
3214
604
7138
9182
6632
7123
716
9702
3369
2395
3935
8084
2316
4434
4960
2242
1016
9380
6706
1449
487
6791
5052
4585
5931
2092
5903
4641
3674
8643
3145
4394
6500
1033
8466
7302
6588
810
5762
3291
4547
457
1840
7185
8228
2791
4345
1806
6262
2217
9041
3333
2230
6028
961
1111
8050
7207
4673
7163
5208
8534
5412
1192
8595
6407
2166
9578
9817
3056
9691
7958
6692
4873
8664
8556
776
9662
3682
4357
4979
2393
278
1664
5768
8514
2376
3896
8219
5399
671
8935
2645
1234
160
3783
273
5201
2768
90
4775
2473
710
4613
7880
3152
7501
2956
6986
7591
5563
311
4297
3640
3499
7205
5250
574
7972
4443
3338
4461
9915
9892
6073
921
74
1618
368
4697
5477
6222
9481
2093
5500
9461
9559
4517
7338
1673
4298
6903
9758
1422
9109
7967
4708
164
7921
4606
9127
6278
5059
8964
719
1981
6874
8330
7019
6480
7548
7240
9934
6323
4523
8398
9171
1559
8653
8455
564
848
1506
2607
9030
5835
3233
1462
6447
3130
6813
1681
859
8147
1221
4602
5429
9210
7107
1678
9132
9382
8807
3899
3134
3781
4408
8864
9139
1339
7519
4735
7743
6718
6880
6377
1686
5092
7213
153
5463
2184
4904
9861
4467
2265
9504
2650
3810
12
5798
4335
3866
1934
332
7479
8109
5165
6957
7728
9762
4698
7790
4147
6064
508
7451
3644
4227
6828
2011
3311
2000
8013
8026
5097
4829
1017
1786
3985
1692
6465
5333
267
4438
6148
2576
9925
964
9537
8910
4669
739
6917
7966
9862
1432
6552
7651
8918
5433
5460
6770
209
2288
9965
8117
4333
3019
9847
9647
4484
5973
7583
9340
9071
5276
1383
3694
2403
2984
7855
738
5927
30
994
7987
1448
8064
2535
3809
9007
6381
5042
7315
7363
312
7860
2014
3480
6965
331
1649
2568
9404
6219
5195
7874
8623
920
6508
9807
6936
1366
8128
7757
4910
3421
2581
1476
3562
6519
4886
2684
7070
2225
3307
9344
8885
3972
3827
7929
6762
1401
8939
4767
1057
686
7001
722
6984
152
1756
9826
3551
3247
5083
8836
1186
1646
7018
9167
7599
1617
4222
5634
3430
7408
9649
1212
8555
4195
8103
3154
4943
9500
6175
7680
1563
7492
7231
4589
543
8672
524
4294
2660
5344
9438
3404
9541
2078
5590
7712
8051
6628
285
4565
7561
7571
521
6749
3464
2391
9320
7290
6980
8121
6445
5470
4190
5359
9005
292
6033
6527
636
1745
8250
5126
7698
1403
1707
7365
595
9975
1386
1204
7829
568
9199
6350
9970
6742
2424
1663
4087
1404
4458
334
4071
692
9416
831
745
4042
1952
4696
2064
4387
991
6280
4189
1510
4882
1132
2390
444
1127
6805
7943
4372
608
1003
8842
4468
5343
6507
5179
2784
2209
1305
992
8191
6665
7093
3541
2280
3680
397
7844
5722
1064
7822
5414
3729
5954
3960
4518
2692
4251
5023
909
424
8086
9628
5130
3058
141
9117
625
9620
666
7380
1143
9145
573
2113
2020
3753
1
5736
3949
4158
1688
1181
51
8307
1209
1066
8354
7637
6908
2313
6312
2318
1995
1243
9314
7481
9614
6711
9787
6194
1542
5480
2142
1185
8417
1800
7040
5430
6557
9998
260
4580
3518
1410
7155
6252
6853
9474
4179
8822
3980
4576
7112
5386
7102
1528
2538
8637
2370
8793
7667
8719
4263
1783
6801
9782
6286
6097
6878
2201
6021
6595
2933
1310
8164
1129
5577
4143
8009
9395
2518
1880
3376
1968
8178
5447
199
9094
4132
2490
2144
149
3176
1179
175
2436
7269
4050
3118
5831
7608
2837
2926
8860
7247
2228
5878
6738
5982
4
3243
2284
6107
5905
4185
499
5706
1299
7959
2017
7784
5588
9972
5748
5882
8001
9324
3052
2628
3269
5337
2031
1900
8990
9488
3726
9613
6281
943
6002
5827
5124
4567
1055
6046
5557
7319
520
4390
6926
8772
5451
8267
628
730
9765
8915
3930
8973
6430
9047
1503
3195
6393
8902
8327
92
3012
8326
467
1648
7178
26
5022
6517
2081
6585
880
2905
4594
463
2841
4977
1141
3486
2843
3112
539
5012
2562
6155
8944
2164
6869
145
161
2110
7897
8274
1224
6473
140
1241
4140
9640
4596
4661
5959
1954
43
5209
3401
7198
6938
5067
5981
8227
9486
3060
7017
9593
8313
3125
2749
6967
4307
4475
3723
1504
1974
3651
9169
7478
8137
2455
1042
6948
6546
9634
3990
8900
21
4633
9443
9530
7640
80
1917
732
5169
8605
7028
1985
9607
5332
6001
2856
8427
5121
6027
8241
5517
4912
7298
1632
3811
3121
4290
2648
5665
7639
7736
8890
293
5009
4392
2668
6488
3572
5385
9009
8005
2134
7709
3878
3742
6405
9799
3492
9177
3771
2159
1950
9201
1795
3756
506
7883
9056
4199
3648
9869
9945
1845
7976
2471
1550
5320
4302
577
2371
8187
4942
7601
3701
8456
2452
2549
4130
2812
2379
1364
5080
9986
2913
1049
337
4148
4273
8919
2741
1571
9631
1227
1538
4113
4347
1193
6283
3762
6646
7903
7954
8528
2442
8576
364
7537
7321
6902
9698
4656
1932
6577
7443
8401
2629
6314
8002
2004
8471
9823
7024
668
8306
826
6524
8564
8913
2704
2035
3904
4488
8461
9458
2577
4361
8759
2139
4835
2865
1724
8965
346
5899
7945
5601
4838
3204
1450
3526
7174
3043
7614
8196
9713
3872
1991
4725
2260
4365
1610
1367
4964
3775
6995
8925
7057
6537
228
6215
2079
5793
8803
1015
4027
6236
8139
372
3485
4129
613
8726
2931
6037
9097
6444
7952
6765
3946
66
9747
7904
2190
4976
771
6291
2769
9321
320
3871
9859
4062
5815
3800
6095
2404
2987
3632
1641
3933
601
3241
872
4066
3513
4056
3922
2463
4622
8580
9796
8784
1669
287
2980
9229
2046
7271
7372
4464
2100
2257
9428
7810
9909
843
1483
5084
7277
1841
5726
984
4115
2511
127
9506
8371
3455
258
8667
6020
635
3108
675
8041
2051
3570
751
1418
3755
4167
5536
6395
7218
6354
2815
1918
3332
2315
9262
9085
3095
9021
3846
7684
3627
8947
523
2450
1987
2050
7066
898
3111
1122
8238
4021
1732
9240
9311
1105
339
2739
6827
8961
5938
213
2536
7235
9013
6045
6545
7603
3201
2515
8861
1425
5651
8956
8385
9562
2591
3340
7962
5141
4831
6858
2672
122
5245
5390
2693
1675
7871
3488
5672
4854
2634
4828
5774
8597
2087
8764
9665
5795
2743
1134
8365
3187
9172
7039
6782
8985
3998
3086
664
5824
61
602
8932
5814
8571
8977
5007
950
1421
7787
1505
8567
4742
6950
2475
9923
3883
8601
9660
7671
9570
2149
4045
6831
2781
4857
8927
382
9246
8856
5154
8301
9415
5901
5062
5272
721
1157
6573
5421
7838
8323
3594
8943
8671
6253
699
5623
1389
8891
903
8472
1426
8957
2654
2621
1096
4281
3707
9905
9304
8654
4726
1284
5182
1171
5851
3339
5920
3523
4894
8852
3346
2275
4732
4271
6273
9706
5526
3258
1856
1372
8668
9722
4445
3897
7697
9929
6700
6094
2806
8129
8293
615
5329
9816
8689
769
778
7542
922
4738
2121
6935
6916
5641
8976
269
782
6757
8171
8185
9845
99
221
1094
4654
2988
4268
6349
6420
1829
6927
4237
6474
6385
9626
6709
893
1175
8801
2132
4401
1561
3456
5842
8989
7460
6772
94
2084
9349
7555
4146
7594
3162
9141
8717
869
6701
1112
5567
4918
5859
3782
6536
6886
7225
2022
4693
8350
4313
6010
5710
6189
8287
5391
1869
3331
4053
6331
3746
4888
1081
566
222
6981
7518
1936
9301
1440
7324
1788
7553
1608
8457
623
784
3156
6335
6462
9285
1078
3520
5799
8296
4083
2444
775
4760
9268
5675
4844
9129
9351
1249
6887
2336
9751
4247
2125
6355
1465
9716
505
5072
4383
5544
550
1548
3973
5599
2054
4098
3024
9487
8871
7491
7168
541
8094
4246
8324
765
6389
2895
7217
4100
8426
1882
1831
146
4416
5813
2063
3099
6849
8867
8280
6697
8778
7771
5055
8523
3447
3261
6699
5398
5210
6662
2178
7392
8558
5177
8332
9398
8421
5753
6243
7399
2208
5152
5019
4623
1319
5457
394
3282
9938
5816
9710
9865
8768
9133
9583
9779
4862
5238
6394
8469
7495
3552
9873
1060
6823
7732
5310
7620
7717
2126
4314
9755
1634
6216
6689
2593
6746
8767
9610
47
5148
2148
4987
2449
7818
6365
7497
5542
4945
6569
7140
9207
1430
9571
3064
5609
9952
148
5676
4073
2015
9498
8712
2274
7152
3410
4702
5922
9374
2845
6031
2044
6292
7158
3109
5090
4747
4055
2985
9367
5578
7272
7386
7355
2992
3633
4893
7366
1056
3351
8585
3522
9162
4022
8285
102
1071
9645
7046
2729
1035
3668
8345
3565
8418
5561
3066
4984
3575
718
8501
6675
6170
4116
9590
3583
987
5869
5316
6596
522
3107
8587
8690
9683
4612
8994
2307
4379
2344
7733
4902
9197
3683
7333
4084
4891
7486
3477
4821
7817
4999
2966
5217
6388
7258
2356
4787
9223
7574
5521
1136
9437
1292
1511
4061
4934
6081
6600
2477
3568
1278
3658
4940
8404
3704
2425
1910
1045
8478
2820
9430
5913
5380
5374
6387
5150
7417
8727
6126
437
8010
6242
9271
1923
509
4989
5930
1262
4928
1643
7485
919
640
9241
3155
7578
650
1735
4043
5648
9036
6061
2115
3356
4136
9467
2740
6921
8539
9405
4422
6178
1298
6989
8540
6907
215
2160
6605
6044
8677
838
2982
1350
2069
3443
9308
1236
97
2128
5987
4026
196
7573
3133
4004
8111
908
9221
5603
4122
9930
2205
3037
781
7898
3659
6374
4784
6837
967
302
2556
1699
3027
8462
8609
3159
5919
2188
3495
6384
7473
7313
2358
5511
1914
5458
7016
3030
5656
6025
6147
2831
6915
6239
2927
5363
7653
4182
4778
9294
6112
7948
1327
6931
1929
2953
1149
8188
5125
8645
1031
9028
3393
3442
7397
5151
3466
7190
6610
680
7263
7061
6167
6217
9856
698
6657
8172
3978
6548
78
9525
9832
7650
706
1702
1118
3448
5497
8440
5683
7749
6356
6085
1623
7662
9225
1288
5724
5416
5633
29
5773
2499
4254
3852
4275
1765
219
1226
3320
5455
7802
6530
3362
3452
416
3036
2930
1109
4814
6040
4145
5449
387
2065
3185
9024
7549
8397
179
3510
4645
5562
3160
8065
2351
5256
2431
6510
896
4729
9104
3628
2341
9622
116
2716
9707
1495
1769
3868
8486
8641
9354
6208
8544
4971
1501
3071
8509
2554
1600
5900
7840
3600
6250
6089
180
2901
5605
4637
5263
2234
1969
2615
1029
5917
7187
3838
4548
4479
2676
794
868
4876
8872
4582
3849
7647
3531
8240
7411
8234
6304
3070
7669
4879
1626
4138
8405
7984
980
9561
836
1827
8434
8679
2666
6861
9259
2231
3408
4110
6789
8358
7925
9343
8222
4054
7441
6298
402
6417
2104
7758
7103
4544
7901
7323
1838
59
4668
1638
6559
8366
2319
634
4872
8372
6013
7409
4465
3062
959
9825
1239
1486
5016
4811
7244
6196
7339
5461
803
6521
5853
4248
7835
9677
328
7700
5018
829
5425
5986
1041
6490
4039
4482
4939
6723
8303
5140
6059
9621
3381
8573
9265
9990
4679
2849
2912
3418
7085
7329
8193
9606
4429
2796
5247
8162
8583
2333
4573
6940
1596
9051
2462
8015
3653
4276
7100
5951
8275
3824
3626
4341
5133
1297
3843
6125
4124
4090
1345
8510
5228
3942
6968
2484
9554
1826
9774
6223
8135
8106
8775
4338
6259
271
5361
9355
9489
5923
5667
3180
3226
7442
8616
7721
3879
4861
1650
3013
892
5574
5559
4516
983
9195
9232
9342
891
9080
8470
6712
5100
6748
6364
2852
9745
7148
9686
1792
2251
1893
4015
3687
5321
2710
3830
7751
7096
1797
3995
5552
7509
4739
2406
6875
1808
8078
9627
9276
1888
5630
8656
7257
2459
6047
7645
1693
1315
7613
8733
7998
360
8833
3669
7038
9469
4058
4288
2715
2975
3330
9336
8259
5146
8874
9039
8780
7965
6826
5360
8113
2320
1737
7764
5735
3177
156
3353
4569
3436
5091
9203
8821
4524
1599
5781
236
1830
2133
9555
1509
7401
1695
5910
8763
9773
377
9149
5218
237
8493
5837
3047
7200
6039
5749
9983
9138
7738
2510
134
1294
5728
2525
6195
3422
8880
2839
218
1860
4337
4642
1682
247
7111
584
1220
6591
8969
3295
931
5821
9045
8983
8458
8433
1844
7622
3969
8882
3437
3305
9192
7095
6923
3599
8979
8657
8254
6145
4766
4794
763
406
3435
8368
8126
1325
9580
9423
54
3795
9227
5303
5640
354
2942
7940
1407
3007
8954
3484
7341
2040
1392
8926
5569
5524
6694
1513
2637
3368
7145
767
9980
1804
3383
1965
4363
9577
7657
5469
9843
7489
1823
754
6425
3120
8489
9108
2042
6615
303
5576
8499
5707
3736
6758
2524
3344
7005
9946
6817
1036
3574
8622
528
3650
7809
173
8603
7955
8950
9431
1892
2154
2709
5606
7881
2775
9168
6370
7007
4992
9769
6171
3218
1423
3119
1866
2029
5167
9539
7926
6240
4057
768
6100
6812
7387
4455
2737
9666
428
630
1420
708
5806
9242
8521
4513
6541
2312
9867
2177
5314
3584
7353
2464
4391
131
8184
9551
7309
1353
4649
8562
7875
9152
5112
7917
6737
2732
7854
8467
5566
8736
2291
8070
4402
9692
7534
9612
944
7824
9019
2270
5995
4309
98
3646
9422
411
8525
7345
4700
1338
582
7299
7584
1984
7663
2580
4473
8724
1115
5410
9920
2728
7720
820
871
5330
6745
4770
9050
3149
2961
3237
1406
530
8568
4675
1572
5560
5891
8732
5669
7861
3802
9332
7064
5631
7452
6889
839
4558
453
2761
3961
741
5383
2085
2552
5541
1972
2293
5355
2261
7670
7714
259
7870
3932
1273
7715
3769
6560
6237
7737
7193
1684
7015
507
167
8745
4016
6332
6438
3110
9122
2478
1636
3733
5568
1779
2918
4587
1211
4133
4786
5233
1369
8361
8177
6339
6058
4540
3700
1865
1101
641
6017
367
9519
8468
366
8360
3496
404
220
390
3449
202
7262
6408
3497
6584
9011
7418
4157
6104
6876
4563
1472
6932
2944
2112
3663
4836
3179
3586
120
429
3511
7557
6336
9173
3940
6925
4126
8144
56
1068
9388
7688
2496
5969
5898
9212
3301
7314
2695
4819
6212
918
6634
3612
7512
6901
8639
7791
9853
6390
248
282
6597
774
9803
168
2699
1523
5942
9969
5885
297
4010
7863
3096
2675
295
6934
3461
3407
1713
8495
2889
9037
887
45
5708
939
7616
2589
5546
1655
9676
5290
7308
2322
952
2719
9420
1054
1937
7306
5893
8090
5213
2145
7331
3962
5535
5417
9893
1470
1255
9548
9472
1535
6629
8685
7027
2537
8476
2465
5277
5928
3743
6751
1089
7672
7892
9002
9644
231
6115
2363
1895
9736
6906
7428
6166
5215
3817
150
2027
9646
1452
2541
876
7128
9732
1088
8163
5279
4088
9359
6124
5555
3412
1616
2497
5863
8938
6057
7334
4907
137
6729
353
1120
2757
7659
1229
4744
4508
2854
4376
5474
2859
8851
6893
5241
2357
5312
2582
9763
3963
2782
4292
9116
5168
7815
9558
3751
8787
9086
8206
1399
4972
8174
7440
4430
8460
3796
7912
1409
723
8431
2495
8085
1178
4406
471
254
7389
7377
2878
170
841
5958
4982
4463
1883
2311
5970
3731
2446
8512
6172
5325
1744
3004
8488
4549
6547
8060
7326
1258
1165
9682
7859
355
8844
9931
6850
1670
5288
4471
7748
9810
7604
6401
3521
6824
4308
5476
2875
7556
6000
3359
9038
1524
2972
5178
7536
1653
6411
347
9137
3870
851
8611
2940
1216
4578
2007
4629
4624
7858
9096
9383
5336
5229
6670
6481
9136
8696
7238
603
970
4049
4530
7823
3803
395
9609
132
4683
7754
5491
6702
8649
7918
3197
3329
3693
9884
4559
1215
9234
734
5803
4782
5499
2456
9251
7701
5138
7464
5464
1835
2586
5292
405
8758
4225
7626
9756
2662
3402
7793
2135
5479
6014
2649
6066
373
8547
8899
9078
69
8370
106
3778
5113
1099
8390
3010
8491
1151
3939
5501
5248
5778
2801
516
6492
3462
6313
8549
7606
5573
1573
6883
5030
7490
3213
7098
4695
343
9280
4730
3416
1326
8626
1852
6726
3379
5462
3944
8422
875
8367
9417
6130
5818
4678
9851
6246
300
4038
609
440
689
6230
3432
252
6070
2488
8257
6251
2150
9072
1375
8322
8971
8815
1716
2765
3181
5459
8531
8288
9822
9325
7521
3469
5060
633
9531
2262
7916
4826
3297
1986
1166
8786
9508
4386
3638
7052
3710
6299
1316
1131
3459
8249
4715
1630
5996
7349
8104
4922
1342
8788
2527
2056
381
1555
912
8463
216
4155
6969
268
6913
3284
2339
345
2494
3829
5406
2756
9186
4080
4368
5963
4014
510
3709
1380
2186
3670
2546
5755
3512
2793
9618
622
9257
2938
9978
5216
4610
5139
6122
6498
9603
5896
7885
1799
5478
7173
5422
617
5585
5496
6225
8387
2310
1817
7088
6523
9960
6730
3288
8636
9964
8992
5993
9510
3189
663
5855
2216
1322
8436
1801
9235
7092
2222
8752
138
2378
5700
8298
2461
5075
101
6842
9490
9209
5539
9953
6695
8061
3242
125
3968
8988
3371
3569
2915
6553
1946
398
4750
2220
4608
7026
91
9575
1371
7906
3966
4868
6860
9949
9717
8363
9303
8411
7077
7597
8091
5445
6766
3029
827
7014
9042
6348
2214
3403
2857
8484
2124
9006
6618
1080
2454
2882
350
8707
2340
7808
6949
8248
9040
3114
2153
9757
8660
8021
7226
3831
3063
1815
3898
1812
5645
7301
990
600
1955
330
2898
3788
1398
5686
2157
6655
7773
3298
1498
7394
6204
8683
4647
3647
4444
7194
3483
8984
3211
646
5739
9400
3918
187
8730
4755
5908
9821
966
2822
8403
8432
5990
389
9299
4660
2169
3150
5888
8337
9290
1106
8813
2760
1354
662
2018
4843
6534
2481
9048
7030
2323
7777
9000
8042
3101
9289
5510
108
8428
2608
8834
3202
4899
7424
9277
1689
8651
6820
1926
563
7482
2324
6636
8714
6261
9410
4261
8335
1077
3283
7816
7908
6990
4519
4031
792
3065
3764
1517
4878
7833
1471
914
6266
3198
2321
4436
9827
2907
1729
6209
3725
4611
7834
3643
7499
2367
136
8951
5053
1201
1135
2914
8592
9895
3479
644
2235
6954
2420
9544
606
6023
8203
6609
835
4289
9473
526
4487
5057
9837
8266
8123
9791
3981
5278
8546
2957
3689
3105
8068
3083
4153
1598
5085
338
4599
4371
7841
2722
9534
4969
5008
7344
2522
5488
4220
8688
3916
5384
8630
9057
7144
3754
9371
8738
4685
6177
1534
9034
2979
2048
5701
7042
2658
2043
7004
6109
5939
6571
8548
6308
1793
8012
5866
4721
1855
4203
4370
7782
7242
8107
4694
9637
3274
881
2567
9721
83
8046
8896
5502
2185
620
4076
2189
9033
2061
3952
4929
6768
5709
5513
286
6138
6624
7133
7694
4903
860
5306
8072
1482
7467
8728
3090
8244
1358
3322
9315
6346
9604
7953
7413
4975
238
5489
4176
4303
7034
9701
7913
1770
720
8901
1541
3167
251
7798
8414
5592
4476
3172
7400
2182
6004
7677
6197
1012
349
752
1611
8160
9574
8396
5879
2058
7036
443
2259
5362
7776
6149
4779
3509
9831
8888
8098
9855
1030
954
3564
7404
6300
785
3312
1002
6214
1075
8652
926
9364
2106
2384
2196
2302
5587
1005
7466
8279
4866
1757
6964
8252
5985
9208
850
5926
5026
1753
4428
2919
8161
1415
3315
6688
5943
41
6809
5212
8550
52
2401
1365
2974
2807
7351
6156
8256
3236
5258
3605
9804
298
5206
4653
3244
1040
5530
9269
1125
7970
2529
2514
3323
7296
1958
2924
8500
6862
4932
2428
7348
5441
9131
5543
1438
95
6910
5309
1072
6440
8618
2730
9936
5703
3188
8054
2937
4640
1857
5273
6041
7273
504
3835
8552
7374
8349
6848
2682
322
6190
941
1635
2146
777
7157
6543
8221
8124
1023
8338
2911
7565
1314
4686
6525
9216
6088
7770
830
135
7745
3970
9135
2397
5259
3279
2398
6671
4555
1576
2362
3641
9366
2922
8773
6340
9023
6426
8674
2290
7693
2618
4759
4156
2783
6182
5492
660
3126
5870
3348
4874
2487
9448
5844
6154
8
6276
419
9213
1809
3538
2798
5232
5852
8537
1263
4627
8132
2697
7358
8598
709
7996
4277
2971
7946
8502
7779
9318
5772
6098
3361
3739
5614
5682
2140
3285
816
4581
5765
1390
4350
2086
1238
8769
9178
4875
2226
1631
3790
960
2329
6221
4152
4757
1665
5787
5111
1174
1593
3190
1762
4533
6491
1802
8698
6158
2848
3171
8735
9446
2860
7166
8545
9187
38
290
8179
8155
1660
16
4935
201
4320
2626
6780
455
4846
2191
9062
4952
2372
1927
8377
8383
5664
2451
8037
545
5331
3460
5005
930
7785
498
497
2332
7819
3920
6257
7690
7969
1515
2610
4511
5742
3316
1731
7294
3991
2172
8445
6933
3219
6644
253
5964
8125
6579
3602
6467
8921
3390
4141
3033
409
4007
1760
9439
4174
971
2631
9868
1076
2394
9708
1967
217
7419
4718
9984
6128
8948
200
4181
4078
1155
8369
3908
5271
2583
3270
5659
9226
4081
2646
587
8757
976
60
4492
264
1839
22
8000
553
6011
5039
9480
5565
3887
6180
9730
5751
9608
9058
7725
6477
6661
2981
7723
513
6551
7832
9654
317
4859
3192
4214
3514
7476
1752
3366
5752
4228
4211
2467
1790
8030
7719
4005
9588
5788
5289
4075
7731
1915
1861
1351
171
2423
4293
7307
1332
9624
1741
3081
8629
9973
8998
9328
4234
5658
4958
365
5740
2254
5409
6202
4041
8575
7654
3349
9896
9753
7985
1960
7522
9353
7050
8744
9932
4887
1597
9456
5173
9653
6367
3847
3664
7931
1037
6816
8818
378
9206
8804
2673
6293
5690
7857
3182
7022
3508
5881
5033
9696
124
4334
7480
8283
1531
6137
4996
6183
8110
4139
9528
8720
1569
1904
4617
5274
3420
1139
8351
8596
2934
6879
4905
1821
2326
1161
2502
8312
5066
9565
3931
8893
6814
5610
948
560
7420
7493
1010
2642
4923
6074
7973
1306
1344
6199
4643
5381
677
5334
1772
1706
9834
884
2117
2095
3909
9387
2866
3129
4264
1414
9795
2075
5523
1479
2967
8999
9656
8482
3631
142
8142
1588
715
9334
2994
8952
2652
1754
3074
3833
6563
7255
1458
4947
1103
4170
3842
4717
7079
9521
2679
403
208
5602
329
7156
5694
2935
8192
8794
7125
4584
7847
8205
4137
3902
7631
431
9956
8859
9703
6303
4101
7150
1519
4177
9360
3929
462
4499
4219
48
9029
9361
7304
6672
4226
2750
7729
4890
2585
1200
9327
2611
6503
7780
8850
7268
783
2770
2553
9566
4494
938
2317
9863
2777
5426
9322
7675
1718
9309
4962
2026
5627
2272
5875
9165
5166
3555
2520
3472
9659
3854
6840
449
5267
5450
5393
8840
2598
8620
5270
6452
5802
5341
1570
9283
4477
4490
23
5872
6637
788
2830
7388
2421
986
7752
8023
7285
9070
1997
2227
3543
358
683
8277
8494
3191
824
6289
4020
7896
1346
9850
8624
4417
5673
4218
6403
6810
3958
7132
7055
4870
5889
1287
8359
1644
6424
581
73
5883
2817
2008
4556
7362
1020
9274
2718
5249
4094
1008
4224
3186
6623
1878
4161
9700
9093
1750
1794
3276
5407
7191
198
393
6736
1307
1791
844
6227
1011
478
5162
5419
401
1970
4509
6832
9341
7949
7316
773
7234
4734
1146
8236
6555
8413
8331
5668
18
2392
1466
6224
9858
6997
8532
5110
4085
362
6544
158
7500
3611
5616
3257
1494
9737
8884
8136
210
3394
5366
2597
1916
962
3203
9348
9977
7796
968
1083
8869
2440
9749
6599
6714
1265
7868
3532
5944
4791
7192
5733
7446
6288
5443
5389
3157
5558
8443
8941
8081
5887
897
9820
2689
8063
9218
8169
696
9067
8442
6854
2281
3752
6626
8378
2334
5495
1886
1961
6775
4006
2278
6295
7706
203
6930
8687
5068
1124
6141
5909
8542
8614
8706
3645
6888
6870
5264
8676
1051
5856
744
8328
7590
9317
7882
7288
6804
2241
3240
3382
7475
1329
1328
4880
204
7170
2991
392
9043
805
8352
7165
4410
8379
5716
1357
8829
6945
9991
7617
7395
5335
4003
5858
6053
1387
1854
1360
653
899
5308
7119
1782
1225
8273
8761
6656
4202
2409
8754
9897
8747
3290
4561
4790
6952
8917
1441
1086
4052
3473
4253
9233
9648
1264
1607
6847
8095
6035
8526
1948
3428
5895
3895
6631
2359
4827
6226
6568
7986
2671
8722
104
1251
934
9151
7546
9073
9527
3169
3502
6151
7563
8819
4699
2118
7041
7812
417
5763
1814
7979
856
2354
7002
8381
265
1633
2609
2386
4858
1489
1980
558
5966
1391
4413
3050
8520
786
3194
385
3463
5822
2224
4453
2602
107
9733
1217
6067
8153
1445
485
4897
1962
9955
7347
6091
3975
8073
356
894
2799
5081
1333
6249
4993
9790
9001
4986
5647
2165
3165
735
5732
2764
5738
8483
9786
3779
2694
7598
9219
3696
6439
956
533
5621
576
535
1512
2570
9160
902
7224
8116
3127
7139
6899
2412
9079
707
656
5354
3923
2130
9496
8451
6437
4415
2486
7114
1196
321
8697
957
1173
4864
5689
9188
4497
57
8197
9890
3711
3446
1330
9278
1581
2877
4207
8832
111
3924
7320
4121
5483
6554
658
5223
7633
226
32
9065
2168
5991
6955
772
5038
380
1147
6717
5657
8343
4949
7011
3489
611
1248
6794
5547
7530
1577
9214
9286
230
7074
6575
4250
7877
5400
8145
3009
1397
7465
2218
5589
2091
3144
5
6877
2283
128
6641
8770
9339
5711
643
1343
9840
4180
4447
4525
490
3292
1872
9556
9760
975
9163
3714
6885
632
9170
6798
2968
7154
4397
8695
9974
3996
3077
546
452
7391
6311
9363
9748
1491
645
8017
1583
6345
9247
6382
84
1279
336
6750
2204
4236
9793
1153
9870
110
166
307
3413
1069
6942
9433
6101
9961
3593
7763
2253
1283
5237
2501
1721
4834
9258
6499
5305
5411
7
6741
8022
7368
379
8083
4967
818
8828
5357
4543
9120
5394
3205
7739
9669
4724
4692
6549
2539
1700
4070
3500
9121
2904
6054
3475
5661
5962
8435
8709
7143
1436
5915
5294
947
5868
2560
9442
3706
6977
1301
5123
9463
6322
8262
9616
1758
6206
6329
2207
7980
9475
8209
3017
9389
172
5796
6036
8505
6779
8146
9533
4539
2532
5187
5326
6778
2383
1766
6343
8069
3170
936
5342
6201
877
6511
2627
8093
8701
6264
493
327
6535
4114
1318
4200
4896
445
7673
8665
8839
5575
7245
7201
9697
9035
7991
7115
5204
7072
5972
684
6705
4255
1417
8837
130
8608
6613
3319
9069
3717
5556
8519
3986
7997
5663
9598
3885
9143
9125
8959
3913
8889
1884
1352
2240
1658
7000
4414
6120
5792
5034
6578
7089
1836
8881
9819
8686
9495
655
8096
2542
4997
3965
1662
8088
9465
8602
1627
6755
4299
8399
2836
849
5912
9546
4847
5800
2983
5741
7147
1280
3625
9454
3857
1964
5098
6146
8154
3537
8453
3903
391
8216
5102
7076
9421
7923
1464
1520
1356
5153
2350
624
5482
2897
7792
8982
121
7179
1834
5784
2430
4820
575
2277
654
7113
304
1032
294
8895
845
1355
8530
1312
6681
2023
4262
9054
9988
454
3386
6353
7538
907
257
4454
299
5807
7887
371
8967
8348
4590
1308
5205
3519
700
8600
2
9154
8634
7730
6574
9623
2997
8143
4914
93
5222
6542
6897
4737
2001
7648
3967
3208
905
190
7978
7552
5262
7866
9012
3749
4731
4321
6652
2762
2902
6894
1382
5079
3768
7900
5253
3607
9055
2433
4330
9563
7710
2528
2068
3364
9664
229
5871
1374
8480
3080
1832
2377
6764
4810
212
8937
7625
7229
6773
588
7849
729
68
4504
7292
5834
5594
6241
8199
7381
6051
8533
3424
5376
7008
3959
9872
2811
1296
4961
6327
6783
8173
7032
9674
2900
7656
8865
4920
1492
8112
2343
9658
4553
3506
2604
1776
9824
1748
8045
5548
9330
1580
1154
7914
1291
5654
1293
702
6589
6325
4505
4758
376
7772
3327
7169
9542
9950
9880
3078
870
2137
3020
5397
1437
895
2752
5671
9941
9742
6471
559
1257
139
9450
2868
1774
8485
5058
2813
9101
3249
4319
4740
9150
6409
7804
2657
9250
5086
2863
7136
6272
3163
8166
8704
9164
459
9512
9111
3581
6580
6297
2171
6268
7135
1158
9874
3246
6752
3900
6529
7013
3542
6991
3026
2236
6565
1614
1606
4748
3221
7073
6855
1720
1321
7960
8246
8459
3588
7054
4763
8346
3928
1176
5036
995
1114
7581
9298
8415
929
5077
263
2116
2951
501
704
996
4451
5082
2173
4469
3579
2952
3324
9569
100
466
4144
1784
9775
7199
3040
5810
648
5387
5317
6087
9971
4399
2874
7081
9346
9605
2105
8781
3740
538
1849
5717
1455
2963
6181
5280
5467
3341
6030
562
9735
6774
1195
525
4957
5956
2077
815
6944
6582
1683
7704
2890
2098
7325
9597
370
2076
1897
9652
1989
8858
316
2183
4988
9630
4671
796
5629
3002
7356
1334
2850
3363
7352
7012
4615
2010
1992
6448
6975
9750
6191
1507
1116
4781
7873
7982
1001
5625
5064
4636
2804
1938
3636
7589
301
9312
6998
1604
1085
4792
9888
2102
9266
1027
3839
9891
5876
8931
8640
7936
7695
7619
6105
8444
7196
1000
9996
9016
7069
296
9146
3623
9464
4616
1890
9976
3453
2747
6416
223
1781
9738
7576
17
4280
9419
4002
6478
7681
9771
5120
7390
7888
1393
4520
4232
7611
3235
9166
2127
3325
9639
693
8831
1267
791
4221
2294
2691
6951
177
6003
1108
4630
9723
4808
1053
7221
2945
5285
3716
1230
8099
8824
6454
4991
8835
1377
7577
1039
1562
2252
594
6526
8325
4378
2701
6469
761
4937
5484
3649
1902
7483
5635
2492
2273
3206
3098
81
9688
8503
8048
6922
6337
3789
7121
8604
597
6724
6489
886
8853
5790
2074
6309
1497
3907
4127
9084
9711
1199
7211
3451
5114
5770
5989
9176
2141
933
3286
8508
8165
50
9326
3501
9378
1715
3507
9193
2147
5494
7682
1214
8419
3804
143
1152
6038
8253
5175
4326
6139
9947
5142
9068
1259
9399
5493
8353
2674
3676
9641
5088
2200
3844
3672
4163
8934
9864
2531
1924
1811
2170
6379
3695
6518
5916
2698
6538
4111
9183
2826
1063
6461
3535
1493
1074
4944
383
3855
193
5679
6653
7660
2969
822
4930
8553
6851
9687
840
1097
9814
2101
8308
8771
6404
5522
8195
2296
7407
6754
7025
326
9567
9004
6818
9477
1065
458
6721
494
9518
9018
2603
1434
8981
3848
4125
6561
997
4171
9671
1595
612
6320
619
1578
1048
1198
8407
1603
2774
1539
6470
6686
691
5639
2810
1396
8097
7450
5554
7924
1182
8375
4019
5836
3352
9217
9204
9377
7142
3677
4354
5403
4029
7825
6947
8294
569
1978
15
4531
6174
6328
1203
6391
1742
817
9812
5043
9046
7864
949
3516
557
3888
4560
112
8207
4901
249
7827
1514
7596
2389
1560
1672
2244
9594
4059
8305
2767
9524
3639
5129
3637
7385
1734
8776
969
7117
3400
8018
7342
4318
6976
1269
2840
3318
9091
5945
4367
6493
6102
1868
8302
5435
9408
3399
9959
1864
3468
2906
3556
7327
9997
7082
6963
2286
7899
4257
4324
2751
1982
7266
6668
6871
8868
8258
7445
6856
9022
4317
5106
5037
3791
2858
225
3370
6456
2019
1168
8497
4534
2910
544
2622
8044
9643
133
2108
2458
6476
4927
144
5185
2047
7164
1858
2624
6459
5444
4213
7241
6210
246
244
3875
6996
6341
5729
9107
6777
798
9270
6161
6164
308
2613
6321
5845
2342
3137
5244
7856
4839
8225
8247
1537
418
3619
7992
3728
6513
9255
6373
5452
8218
3417
2470
6282
6406
8960
1499
7724
9981
2364
8052
8809
5348
9712
1232
7177
8269
3974
1674
6487
40
9319
2725
4433
1253
9999
8838
4822
7807
2267
65
1123
7223
6627
1496
7405
2745
7593
5073
7202
6184
1070
4572
8933
2243
2337
3113
9302
7075
5769
2809
9778
925
469
7750
5200
4040
6077
5940
3093
3003
5925
7373
4919
2711
6635
5934
4777
1446
8255
7206
357
676
2306
3673
3912
3816
7350
9933
5907
867
9148
7286
4756
6016
9267
5624
3886
4205
548
2521
9663
605
2338
2665
7063
3914
5612
5503
4012
6482
1282
6863
2469
7215
7638
695
5392
2824
4783
162
2847
1824
4481
1047
6999
6512
9215
8299
4745
8333
4532
8866
7551
9746
3703
5877
7454
1679
1988
9836
8465
4427
728
9538
3750
6072
3545
4931
3178
3337
9842
4063
8783
9350
4676
9619
374
1687
7994
6830
5105
4274
3597
9838
5372
8617
8190
5203
6785
3587
5143
3559
7332
4803
7056
4704
2059
10
618
9293
5172
5808
5235
6123
3199
6734
6978
9077
4349
4710
2827
9386
3299
9579
4344
7559
6649
6306
2402
7999
5830
7862
1362
4884
9026
3373
5611
430
1170
4592
1625
7393
5804
8341
9392
8599
4598
5438
19
3245
2687
2773
2491
4159
7049
1233
46
3573
2696
2206
6909
7322
737
4047
3094
8731
2778
4424
9943
3763
163
3539
2917
49
4522
4339
4968
3747
5070
4403
8543
4008
36
6
7243
6397
4229
63
8226
5918
3813
977
3554
3684
9699
4201
5660
1759
8053
790
8272
129
9329
672
8268
3146
8863
8384
7564
2708
8779
670
8242
9785
4909
923
7920
7950
1816
6142
9806
6587
9948
758
3592
6679
8412
6864
291
4985
6069
1966
9130
3230
2513
7227
1480
9547
2744
4238
6075
8849
6720
7162
4579
6305
9478
2735
9709
7850
4719
1218
5468
3840
2466
3072
3034
937
3409
2067
4743
5622
1191
283
5040
6042
4223
6153
4571
2330
5994
9409
1207
7281
2103
6669
8632
1939
8765
7468
1275
3259
6747
4916
1183
2893
8644
7572
2891
7274
2441
6458
5188
6228
9768
4151
1552
9323
3092
5207
7067
6265
6012
5163
7384
7181
6399
2269
7836
833
6660
3598
3266
629
1317
3397
4411
5794
8364
1711
7891
9338
1395
8181
9357
8684
4104
9499
1743
4978
5302
2754
9254
8115
7496
8347
3224
6285
9088
4241
7438
1335
79
2422
3994
1363
7297
1545
3439
3465
2036
4483
8439
7477
5101
7635
2867
5527
8897
1525
2506
481
7767
1456
5960
3367
6732
4736
8826
5029
3254
6759
495
4256
4102
1921
1050
8215
1187
5550
4142
6032
988
985
7410
2803
3784
9436
5265
8627
5713
6667
7071
7337
3231
1685
1943
323
5078
2855
396
6218
1061
7462
7469
8766
4733
8513
8692
2835
6453
4906
5353
1846
9673
5379
4296
7930
7130
1202
2060
2808
9902
5504
1394
9031
759
3727
5947
6708
901
6616
5190
2564
4500
4768
9159
435
8038
3997
9402
2298
1725
2821
5231
6019
8638
2212
7210
3660
5418
5234
7447
3815
883
3441
3021
7149
3801
1228
1159
240
6776
2601
9966
748
4188
6648
5532
2049
607
4670
4655
7595
55
7249
1348
8708
9992
3411
4353
9573
5197
3079
8814
4284
2800
9
3076
1993
5583
3275
5978
1290
5775
1990
1873
72
3540
5089
4941
415
3770
7220
8522
6793
2632
1738
1260
1473
598
1652
2328
1590
2299
9535
2006
8518
1911
5584
486
536
9720
3853
3773
5678
4690
261
7843
4852
5904
4285
7137
5761
2995
8928
3715
6015
6796
4795
8789
4604
766
6601
853
3964
2347
7051
3529
913
3688
3438
1901
348
4780
7180
1169
151
3938
4270
8454
1843
1925
410
13
3217
953
7527
1266
998
1977
464
5047
6060
3000
4793
3054
1349
6836
5950
6520
9924
1110
6633
8382
8049
9789
450
1818
3429
4382
2894
5365
1698
6231
3702
4210
9485
3343
477
2111
2713
9911
4614
2686
6690
1461
2096
3239
1079
6735
4832
8569
5670
3396
3193
5324
1906
6435
3207
3548
6052
6486
6255
7382
4774
1899
5056
3530
2876
9451
4527
2289
3360
7541
7457
5006
5420
8473
3864
4095
2923
6797
8276
4842
1564
351
673
5261
5137
114
6319
3976
8920
3655
8633
1469
4806
8536
8737
2763
6118
2879
1667
5481
5551
3006
2688
6756
6819
935
8286
1451
5307
2414
4771
3481
946
4168
8079
7766
2881
8958
6244
5115
8541
7175
5756
9989
8198
1019
9362
511
1859
8395
3889
9053
9714
5456
7582
5744
6078
4954
5242
9581
6683
5860
9292
2559
3691
6515
3419
6835
3158
3148
3014
426
2024
8582
9014
4244
2407
631
7270
7023
6238
1730
340
7919
3115
554
9142
7621
3493
9767
9222
4166
8452
214
4407
5829
6378
888
5189
3061
4291
6581
8289
7131
5117
5104
3812
4351
2202
8264
1565
515
8612
4628
8391
7458
7474
8991
3173
7747
2714
7664
9754
4593
9922
7909
1879
5369
8830
2802
1254
6159
9526
1467
5471
8183
6270
7251
7510
4178
4712
9124
4753
3
1959
8374
6193
7484
8402
6103
2896
1913
2600
413
1975
2885
8133
1189
3732
9958
7160
8271
4536
6275
2297
6799
174
5219
4631
8566
7539
8755
4311
9306
2509
4395
4541
904
7915
6422
4898
3256
9520
1442
4705
5192
7230
5281
4521
4869
4106
2088
2871
8156
5746
3068
3128
2411
6376
1912
5854
8122
8504
8376
7104
8756
4051
6274
4883
5347
6114
6638
8606
2700
714
7828
53
4091
5094
2638
5688
8449
3001
2993
2873
266
4373
3075
9954
3398
1671
5127
2163
1710
7939
1553
1771
1137
8362
6441
3035
502
7744
1642
5731
5582
2119
8089
7312
3267
2479
7951
3832
8490
1957
6958
9572
1723
375
5760
7212
2661
4496
3084
5545
4812
1822
1508
363
6324
2892
9501
1093
7318
7545
7989
4583
8898
9600
9205
9434
2472
4282
8749
4663
8447
7182
7448
1885
7065
5442
2797
4023
8074
8059
9239
3741
1500
8130
951
7236
88
4425
2869
2733
3794
7009
6504
3606
9632
1651
8260
5518
8237
4074
8743
4597
2013
6173
9263
7106
8878
9119
1250
1587
5528
3515
369
4385
3686
5782
9414
7876
472
5579
3634
2702
5257
7343
1368
858
5061
3431
1285
4625
8080
7078
1261
2109
4018
5048
5236
1384
421
1996
7006
5297
1163
5597
6290
8342
8024
2579
4658
4850
8167
2590
8344
2584
9818
821
1304
3988
8907
8034
5293
9937
4659
3140
6882
5260
5604
8648
3053
2301
8854
9296
1999
5692
5031
3730
2381
8805
5284
9373
2025
5534
4258
6472
4230
5287
31
3947
4841
8729
2548
1481
5525
7746
123
6516
825
7910
6905
8239
7099
9962
6496
2210
1963
2504
8424
5520
2599
3388
4666
1295
342
9591
7636
2941
8025
8774
685
7928
9877
5531
5971
9061
8993
6533
6455
3427
6213
7208
1058
5564
3814
1733
4709
4860
7209
2500
399
4366
2247
5677
7237
5020
2909
4689
113
7020
7058
8220
2373
5180
1014
647
8102
3227
3576
9113
3122
9156
2946
9384
4105
3302
1736
6852
1237
1223
8857
9592
1613
4983
6682
6707
7894
9552
8680
8940
2563
3387
749
713
4099
1361
3595
2724
5095
3308
5636
837
8281
3642
1579
5170
5368
7261
1645
3580
6427
5225
8699
2596
5687
4948
3102
4079
7981
804
3082
6086
9901
4667
4865
3617
5649
5432
8446
5427
9543
8930
1245
9368
1018
37
7047
9144
7195
2419
3934
5466
1780
4120
2651
1763
5596
9401
3657
6865
1142
8799
5118
3491
4235
9335
3476
3957
6326
4322
1150
5613
7367
7612
6232
3891
1813
3091
6436
5619
3234
5243
999
9282
4209
2727
7171
6134
842
7371
3992
9910
5295
3558
669
9369
5340
9841
834
4921
4175
9675
5508
4108
1102
8120
3406
7101
6612
3200
5404
3153
6611
642
9376
8581
4825
6953
863
9020
6659
7048
2685
3621
5434
3652
6371
6111
5514
3136
3616
5405
2523
1903
4953
6992
9455
274
5737
2644
3016
1728
2776
276
3826
1601
4466
6024
8655
2779
8843
4586
6859
6570
9123
1091
8681
5811
3445
2041
8659
2861
3806
205
7146
2614
9661
7799
621
3389
1810
6873
