981
671
801
781
271
496
121
246
126
346
241
506
666
806
571
421
306
686
881
651
711
936
976
106
206
726
186
426
931
996
986
701
726
116
406
481
941
561
11
341
76
26
876
196
621
831
366
426
101
696
991
791
691
521
996
216
156
191
571
56
611
936
621
716
551
966
801
36
251
896
806
396
771
261
511
186
981
371
616
66
756
226
326
321
401
381
561
541
46
401
226
246
746
171
916
646
256
211
716
291
941
176
776
131
136
811
1
161
376
31
166
486
861
606
531
946
321
636
31
671
136
146
701
421
391
761
751
696
911
116
306
546
331
586
646
706
71
156
246
696
566
916
481
196
956
731
231
681
541
601
766
901
206
736
196
361
641
911
741
331
561
96
921
256
466
41
361
581
126
661
41
216
311
456
271
416
341
126
126
111
211
501
581
656
86
761
526
826
626
996
391
551
646
456
16
986
126
796
606
836
641
111
561
491
736
461
566
26
431
546
866
571
166
531
616
546
241
446
886
251
476
181
121
261
291
986
211
66
896
106
6
466
741
101
261
611
666
756
906
881
606
221
236
671
161
186
921
816
91
416
371
426
286
516
841
226
336
741
591
741
371
706
401
556
991
706
141
551
616
46
301
36
966
456
86
651
571
71
266
286
686
841
906
266
246
911
661
541
941
811
66
916
816
591
511
746
356
896
436
361
251
766
196
476
356
191
151
536
301
736
871
266
926
46
26
6
896
336
781
771
1
451
341
911
506
836
951
926
566
681
161
606
441
466
396
796
461
336
386
651
351
836
61
141
166
491
656
831
686
446
696
396
366
576
81
651
151
326
316
716
451
46
326
576
241
786
181
791
886
736
111
656
471
406
691
931
676
21
81
701
706
296
411
601
411
821
431
11
776
946
231
646
121
576
481
581
466
41
921
516
166
816
381
76
656
726
446
161
951
306
941
376
511
886
421
866
836
551
361
156
376
71
6
676
226
841
511
956
946
1
186
431
976
531
876
576
966
361
281
901
546
331
891
306
941
731
371
71
271
761
951
211
736
866
116
931
951
426
496
146
106
181
676
386
51
826
546
26
901
676
861
441
641
846
491
851
746
721
521
571
146
121
201
631
51
81
61
21
841
826
241
556
886
916
51
831
21
86
781
711
936
261
341
721
276
276
631
596
486
96
821
266
351
151
11
926
996
436
856
966
666
741
786
231
116
821
86
446
876
201
521
766
36
141
136
876
416
291
131
341
476
711
851
566
871
281
166
971
561
921
666
611
436
211
626
516
236
296
866
116
976
556
771
451
11
366
146
931
26
256
351
236
556
201
321
496
731
956
131
891
91
806
971
281
21
831
576
891
721
536
461
111
316
961
471
496
336
981
351
91
846
586
881
111
636
986
296
521
346
96
56
311
691
846
956
106
701
541
66
626
101
851
686
496
621
61
431
811
141
286
821
541
876
526
851
891
776
586
416
396
886
946
266
61
811
671
971
791
276
721
776
386
506
661
871
476
796
481
936
161
631
751
41
221
926
861
721
611
831
501
531
76
816
171
311
956
391
501
256
596
856
176
191
716
986
766
846
216
666
366
861
526
536
616
256
951
231
331
441
646
591
711
906
761
631
1
441
961
206
656
396
136
436
756
61
506
16
906
276
631
371
386
586
176
821
511
591
16
171
991
11
36
936
171
71
781
121
46
701
601
856
726
791
31
746
591
726
296
201
641
796
641
6
86
221
991
76
101
286
451
586
101
961
471
56
221
411
326
246
416
311
216
776
281
156
406
531
756
196
801
976
916
76
816
411
201
456
176
806
526
286
431
231
991
381
826
461
386
236
801
506
226
186
96
651
971
926
191
751
521
601
51
296
471
81
456
411
36
346
996
136
681
781
616
861
746
671
661
151
871
786
981
451
271
236
516
6
516
636
156
191
606
771
401
356
171
501
41
486
501
696
686
316
621
771
976
906
806
766
406
526
596
921
346
311
406
946
381
931
331
206
486
66
481
966
31
811
446
306
731
391
661
321
461
356
326
471
271
21
291
106
786
491
131
181
901
181
301
321
841
251
16
756
381
131
716
856
826
401
356
51
216
1
56
376
91
636
866
316
91
911
901
891
711
801
241
786
391
791
336
556
596
81
626
676
366
351
346
636
836
376
436
626
426
176
466
491
751
796
476
566
486
251
536
301
881
691
146
761
896
731
706
581
261
751
691
551
961
276
856
301
681
421
281
596
151
681
601
206
621
536
16
871
316
971
291
141
421
441
611
221
881
96
56
961
581
846
851
31
981
