352
18
746
744
862
768
168
281
188
321
181
606
37
615
619
843
493
415
68
398
195
29
384
197
964
418
871
214
684
926
484
108
654
72
638
618
487
755
547
278
407
92
607
439
63
492
982
393
691
866
227
758
921
410
256
529
514
212
540
643
688
812
192
648
405
362
297
839
240
850
217
337
215
777
595
837
856
842
386
335
489
840
922
444
709
175
872
770
460
272
199
131
109
39
402
432
823
602
311
236
973
809
441
228
551
461
560
911
784
375
406
945
91
257
980
424
689
164
95
578
635
999
865
230
903
290
238
458
900
348
280
683
446
610
360
146
166
783
938
435
732
664
677
824
93
203
213
901
469
791
698
852
748
377
569
364
955
467
737
400
125
483
302
152
521
255
201
950
268
832
142
756
834
670
334
401
103
486
693
760
561
312
137
399
861
629
808
537
624
205
603
754
937
644
36
244
48
133
743
357
11
452
266
52
389
641
908
381
847
318
731
85
649
634
967
147
932
123
822
984
952
574
122
509
878
107
729
115
562
40
707
859
759
289
815
636
897
535
387
340
501
427
245
81
149
593
4
975
490
445
555
221
56
723
187
516
757
26
463
613
198
258
583
676
904
428
239
183
814
992
269
868
596
716
314
735
383
316
82
869
940
811
136
775
119
875
680
851
129
163
633
584
773
874
31
717
726
233
359
121
431
605
695
126
382
678
725
548
207
209
813
515
495
860
898
666
443
929
241
912
829
14
54
471
69
854
778
117
504
567
672
789
771
799
223
685
1000
795
162
609
864
71
47
924
818
141
906
491
96
668
232
224
652
408
524
828
549
552
779
705
614
89
767
692
176
592
686
647
669
140
324
972
219
580
341
496
494
169
488
497
796
368
941
776
616
177
414
196
660
429
41
831
597
703
557
327
886
966
690
763
86
235
262
581
46
503
101
640
719
351
833
5
53
987
2
370
98
355
23
182
525
481
527
946
67
369
957
805
918
397
353
650
994
970
545
322
806
993
942
803
620
706
750
273
346
208
715
928
530
453
724
601
896
977
502
271
425
989
712
113
372
550
656
774
930
265
710
539
165
323
104
858
7
927
285
873
338
385
105
651
253
308
730
915
371
642
920
411
216
962
332
476
279
80
590
284
252
112
118
663
835
419
61
254
675
781
608
457
436
291
519
288
88
447
914
320
508
378
326
820
211
99
816
793
947
738
637
135
124
373
248
917
313
792
739
522
909
594
727
761
893
721
185
554
702
143
585
788
267
376
237
599
959
120
546
440
885
15
234
838
8
665
879
963
1
740
287
102
985
62
846
910
226
44
742
310
75
617
797
184
907
55
587
532
997
394
159
270
978
319
882
568
762
434
667
367
697
708
513
379
559
45
639
450
798
600
477
404
231
144
819
830
506
130
498
110
374
20
625
939
293
899
32
836
531
328
867
343
991
943
913
800
172
167
520
968
193
736
655
713
462
206
220
507
33
354
565
17
70
392
229
329
662
628
58
249
598
701
526
682
884
510
747
250
22
148
57
890
543
626
986
573
466
877
734
949
473
25
210
782
479
34
134
988
704
646
857
841
276
511
260
111
621
50
114
305
49
391
412
470
880
6
42
430
315
591
161
243
948
356
396
807
178
299
802
225
170
895
720
733
421
533
301
575
544
331
817
317
347
307
275
73
13
263
363
728
59
474
294
19
671
889
785
478
558
505
128
632
623
870
145
827
764
306
76
97
468
330
28
766
974
78
218
448
416
700
627
90
465
151
845
536
437
679
674
344
380
714
30
77
538
699
631
954
180
630
409
786
804
883
189
931
741
204
194
673
138
150
422
582
87
996
753
696
3
951
366
769
456
517
571
810
309
12
891
442
863
395
588
576
572
100
881
983
953
894
589
916
173
27
454
300
995
51
722
417
24
155
94
604
277
475
765
433
345
342
653
981
388
106
825
790
528
282
35
979
844
190
944
365
21
480
612
186
579
350
156
464
936
971
274
158
472
821
687
264
358
303
333
390
283
611
64
200
969
160
403
718
512
482
933
83
10
485
127
459
960
965
157
772
518
902
65
661
976
451
449
659
171
923
304
292
43
745
563
174
919
888
132
826
9
849
261
541
801
787
887
202
542
570
413
586
296
577
423
556
38
455
179
751
956
242
191
566
998
658
60
855
420
500
681
534
934
523
84
876
990
892
286
438
961
622
222
116
958
16
794
154
853
426
553
361
298
749
499
935
711
905
694
153
79
752
246
339
780
657
336
349
645
259
925
247
295
66
564
139
74
325
848
251
