5926
7181
9826
5831
5906
9356
5441
6376
6401
8671
1466
6961
4396
2226
8251
8891
7981
116
1266
9061
2431
7496
4271
4441
2971
8121
1446
9211
5786
216
5591
4906
4446
5911
6131
5791
8871
9801
3906
2286
4821
1966
3791
6346
811
9181
1511
7416
2031
2646
3471
9496
9851
6381
1616
3066
3701
5291
3336
2291
9631
4751
6681
1146
3611
7171
2416
5721
9716
9706
5421
2106
4116
7196
6311
766
5081
5036
4986
9496
6456
4811
706
4576
5516
9906
6411
1051
2501
6806
3316
4576
2456
9631
5841
6456
3511
1906
1851
1636
9406
4516
951
7216
3311
7601
6836
2956
3041
6746
4646
976
7611
3766
2066
611
6306
2031
116
7156
5206
4221
7491
2131
6306
5926
4916
7671
6546
5511
726
1786
3401
3591
2326
9486
3826
3901
6106
2981
4036
5156
9311
221
5366
8266
9466
9221
346
3356
3701
5056
56
896
551
5576
2231
5021
3521
3436
7821
3996
2676
761
6226
4486
2776
9341
396
1651
6436
5596
6266
9911
9321
8061
7621
2826
2591
8366
3426
406
1521
9021
6596
8811
3836
6911
6311
7031
2656
7761
1706
6821
1606
7346
4816
7516
1296
5781
201
9731
4326
8106
921
3711
5276
6591
2181
5986
7676
7441
8946
6826
6006
1951
6631
7316
5281
101
4846
7916
9196
9106
1691
6466
4971
7251
7931
9356
2506
396
9586
6216
6611
4811
7241
9251
4531
5451
661
3286
8651
7301
4201
5361
5031
8001
6296
4761
2256
7646
741
7251
3441
1211
6776
4581
4841
226
3301
9611
9206
5851
4511
3616
7786
4316
8796
1886
3496
8856
6221
1636
9616
8766
2891
1896
8546
5086
5171
6446
306
7741
6366
5176
1466
2651
8646
1426
6561
2811
6556
3196
2531
1491
9251
3996
2401
7551
9391
1151
1671
6131
7166
8976
7206
8711
6511
9981
4201
5776
2866
3936
8646
3556
6106
4911
7656
6426
3881
3381
6766
5401
1061
4206
3001
5946
9606
36
5566
7046
7236
5041
8621
2881
7871
8421
6846
1641
5736
4016
1571
8371
2846
9476
6711
5931
6606
4166
4876
9181
996
1451
3246
3846
581
6581
1271
7266
4246
1001
8556
7366
9106
8821
2381
2901
8471
9236
9966
2826
3676
266
3626
4726
2536
9811
1976
4671
5116
3831
3126
5901
9636
8671
4036
1236
5546
3846
2826
1281
376
801
7751
5201
3136
7911
3091
6821
9381
3516
921
2191
786
8501
7211
7791
1466
1661
586
1431
6216
5816
2461
8016
7621
9386
2756
8226
2866
4291
5491
9611
4661
4226
4106
3106
8571
8181
9546
8256
4456
9461
5076
2371
6606
5516
9361
6821
1506
8761
9241
571
5551
4921
8761
6466
9411
976
9091
8226
541
4101
7651
7766
9691
906
4926
2841
8521
7186
2311
7121
5206
9981
1001
9446
5656
8981
876
8196
4601
3786
5476
4636
6416
261
106
7206
3766
9891
9966
5661
481
7571
1331
2796
7796
3366
5381
5111
2111
6631
3871
7071
1561
4661
1596
5011
2046
2761
2606
4976
6356
9821
5976
1911
8906
7011
5506
9196
7521
631
2216
7386
3096
2771
3091
4731
5536
3811
7296
4996
616
2446
4636
2601
6071
971
4296
1976
7991
2416
6061
4731
5896
2206
6306
7921
9916
4206
3076
8801
9461
7416
7471
6416
2391
1656
3541
8126
246
6041
3871
9306
466
3446
5586
3771
8406
1896
991
9106
3336
5746
9966
5461
4186
6456
8931
8011
7381
9281
1526
6281
5881
7241
4936
986
2931
2101
2841
8396
7531
6936
2446
7726
596
9581
2446
566
826
7826
5721
2131
2396
6511
3631
6826
5376
4596
7876
5861
2716
6961
726
1886
7466
4226
4591
9626
1841
3346
1146
8551
221
9131
5231
4331
4196
6846
5081
9371
2261
9821
1741
4666
8241
6271
2856
5161
7671
2981
541
1026
446
2936
3571
4001
8821
8656
306
8616
5186
8481
3306
881
7641
1531
5456
3256
9881
5436
8531
2471
5436
7901
3326
1056
7116
5836
6751
5786
5181
1736
7861
5826
1621
6691
5651
8181
3456
4196
4391
1451
2441
5986
4196
5261
8141
4366
1681
9431
5761
3216
6391
5726
8651
2466
8686
4816
8271
1576
8796
2011
8121
4271
2666
7631
876
2586
7041
6351
1271
2421
81
146
21
7996
4826
16
9016
3136
6196
656
3296
9656
5876
5276
2391
6056
5271
3886
4256
4511
7051
9481
1316
3271
4676
3601
6506
6671
5711
1326
6186
286
4241
7621
4691
1321
7961
2941
5391
8326
3836
3191
8096
8516
6256
5036
2606
2751
6151
4416
8306
6201
3256
3226
2471
7991
2601
2801
276
2281
9181
2121
6791
4971
4841
6836
4581
5696
5746
746
2276
186
4371
8971
4171
1336
4851
5841
8066
5691
2331
51
7341
8901
3061
3971
8531
2231
6826
8101
1781
1756
7271
9916
8846
4616
1971
6981
211
246
1471
9326
1221
136
3946
6676
7761
3186
9676
7926
8251
886
4176
3491
6491
9126
9691
4626
3766
3361
9201
7396
6681
6
1711
8661
6061
5771
9351
3586
5791
8916
6261
9871
9481
626
8026
4931
2131
6741
3036
4061
5261
5776
86
1866
3221
656
9351
276
861
8766
211
8496
8671
4421
3106
9461
4491
5026
3411
9646
9191
6666
1906
9546
7031
7166
5161
7391
8976
76
9616
2246
4261
5961
1431
7341
9256
8171
5976
5876
6726
431
2366
4046
6716
7816
2221
3281
561
1631
3221
6801
2511
9086
3816
5151
6221
281
7171
941
9596
9791
7581
6141
6961
9161
3301
1296
3996
1411
5916
2906
2161
6496
4286
5921
6846
7801
1166
8616
7261
6116
231
8211
2086
4231
4976
8066
3516
7421
9101
6236
8321
9786
9066
7106
6046
6186
6076
8576
9341
2686
3071
3296
7946
5891
5761
6336
1221
7106
1001
9051
2426
966
1571
8351
8211
8801
781
1526
5311
1726
3061
8846
4946
3076
2416
2071
9661
9311
1956
2876
8816
3056
2306
5431
4361
5896
4786
6581
3141
4671
5621
7996
6786
7911
9751
2041
9076
9126
3506
1086
7496
8981
7456
586
8546
9186
1181
5446
4266
8721
6181
3166
6886
846
2141
7351
4121
926
9081
5591
8286
8821
7256
2521
7601
506
2216
3576
6281
1841
3986
3071
5576
8191
8601
3001
4236
6956
7071
7046
6471
9866
6941
7121
4161
7771
6341
4011
1561
5181
7306
6801
6521
1701
1381
5296
4986
1086
8806
7626
9971
8721
381
9511
2296
431
3201
1196
9491
2011
7806
2271
5856
4846
5086
3706
4806
4021
3801
4391
9701
4806
7911
6206
7426
7481
6321
6631
7501
611
2866
2346
1991
1946
9006
5526
9781
2486
1681
4056
5581
3856
4946
371
5186
881
8886
7596
1571
6506
9521
6411
1986
271
6946
5601
4151
131
4346
4181
2456
7451
4716
2861
2171
9236
8986
4906
1816
3721
5961
8571
4311
3646
7496
141
3591
281
6196
3336
7686
4781
5946
2436
1426
1876
5691
2901
8731
276
7811
6186
5686
1131
4061
9206
3266
1631
2651
4341
6596
5346
1791
9751
7081
8441
8451
9061
8811
9721
4091
7261
6906
5136
4011
9171
2996
5401
1751
8416
1421
9246
2401
1926
5381
9746
3141
8636
9821
3236
7211
7461
4486
5401
5831
906
8876
596
6141
6301
3351
6061
7271
9566
6641
2476
3946
8931
8386
3951
7536
6161
6796
9801
9141
4821
8866
6936
3141
8911
3206
6646
9806
6191
7501
9916
4246
5541
5121
3571
3021
6001
6146
7566
451
5306
3146
4686
2906
3161
4581
3906
9046
6876
4821
3511
3001
4636
6856
2051
7756
1111
7406
5656
951
9806
8261
4691
1446
4621
4426
9356
5856
8056
5556
7531
3656
346
4646
9241
9791
9476
2306
1106
6276
6046
6996
4286
2806
3661
9846
7146
1861
1691
8456
3816
8376
4361
3291
3836
8231
2791
7191
6461
9501
2786
7546
7431
3566
6991
6826
9316
6651
931
8406
2726
3561
4866
3506
1716
9696
3841
7956
9836
1621
6846
5261
6571
9556
256
9256
4456
1266
2916
3456
6326
1506
6461
6891
6786
6546
7071
1896
7651
1686
6551
9756
261
5296
5706
7336
1416
1011
5451
6396
5511
7726
1801
2581
3776
6721
1146
6716
3056
6726
1471
2956
8611
4726
2346
6896
5971
5631
5776
2691
7066
656
4806
1281
1351
6956
6971
5096
2321
2106
8896
8741
826
8701
2241
3601
4891
801
9776
1091
4941
491
3046
1371
7776
4736
7621
7511
4611
5866
1981
9951
1146
6576
4486
7111
9266
1461
216
741
5406
6166
9086
7931
6181
6786
1436
2751
5221
7786
3411
486
3326
341
2156
1716
1676
6971
8121
4776
7951
611
9561
3076
9986
3961
3061
7736
4271
9526
9896
9486
9296
5311
4301
516
9021
1071
7586
3271
9491
7746
5576
9726
436
3791
4291
8806
4156
2731
626
8886
7466
5371
8456
7481
3041
4886
9496
3851
2306
8181
9471
9276
5186
4236
4861
9236
7116
5141
6861
7546
7541
8506
7246
4406
4321
6751
1601
9981
9886
3006
7811
2031
2946
3641
1126
1056
371
9841
1556
401
2751
7726
181
8281
7986
5256
6411
2936
9876
241
301
716
931
7211
5956
8016
2916
4716
8096
6136
1586
2726
3716
8476
2536
5381
4676
5011
8321
3976
9931
6866
5426
6146
1206
4566
3586
3816
8296
9516
5216
5411
5801
5121
8826
7046
7251
7056
1136
6761
2346
3176
8781
2886
2541
7776
8046
166
5621
1876
8416
5531
4871
9551
3596
1946
8961
2491
3086
9696
6626
2686
6101
9191
8501
2036
251
336
7646
4571
3911
1416
6271
9451
5956
7431
7726
8091
1421
4266
3601
7311
41
7291
3081
3156
5216
6771
3101
2591
4971
2696
6511
9861
2796
8746
3841
9276
3326
2026
8091
8231
6261
6501
3076
2646
5051
6521
856
8506
7351
3521
1831
831
1521
2896
4146
2206
2066
2596
1121
121
3041
4571
1861
3466
6126
3241
2516
411
6916
1186
8711
251
4256
3251
5281
1856
3956
6986
8526
9541
3846
8066
4771
41
3661
8271
5291
2961
1021
6981
181
8446
7306
7741
3546
8921
5211
6756
8586
1506
6226
8246
8006
3361
9396
6066
9596
3101
6031
5221
6706
6196
2971
7731
251
2411
536
9631
1261
6356
7781
8826
1416
5106
1796
171
7856
4631
3231
4256
836
7161
411
3801
4176
5001
531
2611
6976
3976
3226
5966
366
7351
5951
3466
6421
5011
1206
9451
1261
4381
4181
9051
4481
1486
6616
8156
5501
2781
2441
776
8106
7731
4866
4546
2036
316
991
9286
6896
4206
41
4951
9301
9306
9891
3211
1281
2126
9976
3016
6311
9961
1091
2951
1916
9896
281
3461
9171
5771
1711
6936
9031
2961
4941
7316
2566
9931
5711
4511
4461
1661
6941
5241
1401
6181
9876
2506
3046
5396
3736
6236
5261
5841
9606
2796
5296
3756
5086
8976
501
4191
4231
896
6446
3196
9826
1056
3991
4446
4031
7361
7846
7246
3151
2696
7836
8586
6091
4576
1706
4836
7616
131
4916
1956
4681
8776
4591
9276
3461
6246
7156
8611
8131
7426
3051
5981
2761
1596
8021
8391
5836
8106
1491
1276
9871
3161
1926
3271
7556
456
9171
4756
9606
9241
8551
221
1406
3111
4551
3121
4836
9471
4546
1526
2991
4116
7766
3326
2481
7896
3516
9201
5141
6826
2831
2421
5411
5861
2561
7976
4676
196
3341
4346
5696
6996
9761
5016
2891
501
41
4646
3086
4626
6111
4211
7986
9881
2271
1181
9121
1306
4621
1066
3386
3156
171
821
9471
3881
7816
3206
1166
3281
8381
3341
5706
1906
8721
7936
9096
9396
6871
9581
9261
1161
676
1346
3246
1956
7356
6016
7081
436
4021
7411
5316
8741
8401
1791
4276
5871
4606
3466
1351
8776
2326
6496
9681
9316
7906
2061
7991
531
1021
956
7591
1036
6476
696
611
9811
4356
1231
4451
1286
5741
1491
441
8606
3361
9986
3321
201
6376
2801
3126
7321
5226
3706
2216
1911
7371
6841
8756
8906
9331
7746
9271
6121
8051
2121
3486
8851
5846
6916
5386
721
4631
6956
3651
9291
1291
2891
4521
6091
4416
3381
7081
3371
8356
7966
6666
9836
6366
9831
6096
6491
8461
2646
481
4071
7951
8756
5831
4176
1271
2791
2931
1321
1171
9601
9616
5761
216
5131
4991
2261
3441
46
8901
6891
316
2701
5266
5706
2276
9516
756
4076
281
7096
7416
6416
9771
3101
6191
2546
9176
4121
3551
6541
7221
7416
26
4171
7706
3316
1776
3351
9361
4081
6646
9231
8696
2641
3766
2151
4916
7826
6006
9426
2946
2836
3771
5311
6601
3366
2836
256
4991
5066
6161
2091
9756
6461
5821
5406
3116
2076
2576
4666
506
1481
8166
9436
6756
1901
4936
2416
6291
4231
5236
1456
7791
4931
6606
4481
4591
3181
8876
9116
4396
7106
3496
9761
5721
2711
6426
4881
5396
9316
8431
7211
1711
8431
4876
7731
8536
7611
5451
1126
6681
7716
681
8256
2346
1186
4941
4026
9536
4171
7141
4881
4711
5761
4096
6841
4001
9141
8776
871
8661
8856
1396
5561
9621
2636
3591
4886
1436
6371
4281
626
3901
6441
766
6766
8291
8846
6981
5321
2186
9971
2536
9056
2481
7521
9031
8861
2456
5481
9211
5796
6356
156
8081
7751
721
6501
5141
8021
1861
8481
3891
651
3386
3571
2431
6216
7321
3236
4541
6321
8381
2806
1231
1611
8011
5436
7766
8001
811
5811
9881
2841
5631
1431
1756
7281
7366
3526
1956
8021
5281
6671
6821
1666
5211
2661
5241
1216
981
9911
7136
446
7131
2121
6076
901
7251
1261
3686
996
3371
6306
1571
9826
806
1391
4411
956
5051
3886
8036
1336
1721
8946
3486
6681
6911
251
3171
9201
9206
4566
3436
3926
6341
3751
4586
6656
5036
7756
3576
1751
9146
4001
2661
5246
6001
4851
3121
8651
9866
2311
6956
716
8791
9566
5181
866
5851
1676
9736
3016
9841
9921
2486
7206
7231
3856
8421
6106
3841
6486
7481
4621
8911
5191
1986
7906
4501
3551
6816
8686
5946
4611
531
5151
6041
1576
1081
7336
3771
1976
4321
4051
5026
5731
4331
6246
8496
1071
7666
5196
5101
4966
3756
9931
5526
6026
2371
7421
811
5566
4746
2646
9661
1941
8321
4886
571
816
2581
2441
6866
7531
4166
3391
601
2266
1176
8461
2561
9511
7936
5446
5031
7971
851
8146
5006
9541
6441
4011
9076
2011
6986
4266
6686
2926
6131
216
2561
8876
5286
2601
9366
1446
9861
6036
1066
5346
3596
4236
5596
1181
9861
8876
1106
1461
4546
8701
6911
1256
3726
9696
7001
5331
4716
7861
5136
7016
5031
1521
2521
8831
2891
7521
1396
2026
8346
1306
8286
7276
3346
646
8416
2581
5136
6966
1251
4656
4821
4371
2876
3356
9876
2046
5931
9496
4306
891
2431
7301
6511
5091
4721
8851
3036
9926
7541
9376
8151
7651
9766
5711
2816
4711
7486
3436
3961
7701
3306
1541
2616
1121
756
5246
9396
8166
1046
1766
841
2406
7396
8251
1806
4041
8826
1316
9341
1346
8401
2806
4336
8931
4356
2746
5531
6726
9186
7761
4981
1401
7896
4811
4686
7681
9711
4571
531
4931
2156
7326
4391
6136
9076
126
4151
3991
6266
8446
286
7446
7291
6696
5046
7221
2616
4316
4041
4126
2126
8051
1651
3171
2141
7576
2136
8561
3711
9441
7536
7126
7001
1646
4796
5646
5331
8866
6841
5076
5226
2131
8966
801
8686
3946
6381
7151
5421
8566
7261
4251
4541
7696
521
486
2301
4351
6641
361
551
9416
3066
4751
521
5741
4971
9441
9456
6256
2146
4401
5336
6101
9536
7486
5521
1196
9746
8601
4866
7616
1671
556
2171
1961
4156
8056
2416
1266
8491
4606
1546
801
6931
16
4961
7591
3556
5836
6336
8306
4626
5491
3276
3371
5466
4536
8366
971
2451
1626
8996
6246
9526
7611
5011
3051
8626
6051
461
5496
4116
8936
1861
2376
6711
9436
5691
8791
361
766
8211
6881
66
6031
9941
5496
1636
2406
1996
9801
3906
5731
9761
7271
4606
6611
7481
7946
6131
6731
8731
9476
3971
2111
2266
1046
1811
1756
6661
1651
3801
4896
4051
4456
1871
476
5566
2411
7231
9476
3981
8411
4031
4566
561
766
576
5956
4331
9231
5546
4896
4596
3991
4251
4526
1
696
7696
5146
2676
7831
3796
4061
1376
3496
4811
6891
7986
3316
8561
6126
8666
1166
266
3621
161
8346
4791
4121
2041
4366
3316
7641
3681
6441
3771
9536
1996
9421
9976
3011
6466
7976
7221
8406
3756
9136
1611
3606
4951
9146
5101
3906
5991
2946
2011
5431
7351
671
1341
6101
2016
8021
7556
7591
151
6611
2316
3261
6941
8776
8546
4381
6751
616
1231
6481
2546
2511
9311
286
2476
9766
8316
7436
8881
9841
5761
9051
7136
3671
981
511
7676
4696
4736
886
7376
8481
6976
2981
9586
9431
2026
8861
3356
2716
4556
6361
1341
4631
746
4301
9341
7376
1721
3216
2621
6661
8481
71
3431
7516
6091
9041
4236
9411
4506
5316
1456
7461
91
1471
9771
8966
5101
841
3551
9586
3096
1376
311
8051
8071
6546
9516
4646
3436
8946
7586
4251
8566
5856
6316
2991
4831
3931
1121
4191
3481
8696
331
2081
891
6771
3876
846
4486
3496
2741
2406
2631
3611
6241
596
1151
166
3131
5551
5461
8481
2096
5421
9506
3821
8141
5556
2721
4211
8221
721
5631
9796
1651
7061
8126
8341
1246
3251
8056
4286
1781
2541
2221
8816
796
96
6536
9861
3721
4306
1801
4621
3941
5801
4841
1016
7156
651
3301
3361
1686
3931
5901
2731
4506
8736
3466
436
3721
8321
1636
731
696
4011
5156
3321
9611
9641
5621
1721
1326
4441
9196
3976
531
571
3616
8301
1031
7061
7096
2031
96
9371
261
3436
1256
1976
8166
4356
1836
51
3676
9781
3236
8816
3756
5216
8006
8641
8111
906
7606
5866
8896
8991
9816
526
8596
9661
511
8461
4711
4101
7646
4886
7881
2846
8731
2496
6501
56
9336
8246
5016
8531
7561
2021
3601
1066
5781
8761
3866
6781
61
7866
7431
2086
5816
7661
2576
5486
1306
3246
2291
6366
9361
6886
7151
5491
9851
1236
1961
6166
2711
2316
8151
8891
4466
391
2656
1426
2326
5656
7926
7391
7861
4596
9266
1126
7951
7286
6761
2556
9366
5151
9806
261
7306
4031
3196
5501
4471
5171
151
4561
8541
4761
646
1356
3796
2086
3391
9781
9071
6181
4826
9356
746
7606
471
3201
3241
3961
3276
7361
2661
591
3646
7766
3561
3956
4351
6526
16
4716
8926
9611
4496
9111
286
8551
8506
8701
7871
2601
1401
4336
581
3556
4141
2411
3416
5966
206
3721
3816
661
3391
8186
5166
5061
3426
3121
3576
5821
8451
4156
2071
751
8316
1466
9536
3916
551
3321
411
2061
8501
1926
86
1991
8376
1846
7131
1241
9796
1561
3806
81
4501
1976
3416
2326
9561
7831
3636
446
3306
676
386
7456
866
6516
681
5921
3531
3766
2911
1541
7551
2931
2301
5116
7596
7761
2961
731
7161
3566
7886
2541
6831
8066
3711
5576
3131
7071
7436
9716
2021
41
1216
2401
4266
6251
2266
626
5521
6691
4206
7161
2086
9996
3106
91
9391
6801
641
331
2986
91
4601
6706
4706
4641
7506
3731
8281
7876
8576
796
4901
1606
2116
8941
851
6556
5431
2946
4741
7181
1486
1971
251
9286
5061
5336
8001
6836
4601
4386
7666
6816
5361
3286
6031
9706
471
5756
7476
4341
76
7186
6596
5991
1091
7821
4076
9716
6951
7596
4351
9451
226
8616
7076
7566
2831
8146
7436
6801
586
4791
1916
8571
2071
8871
6006
4916
9486
1056
7801
8466
7156
961
6746
2351
8326
3976
8716
8901
5676
756
946
5491
3821
4946
4066
2911
86
4161
3021
1321
6086
4276
6851
426
6201
1941
306
7606
3786
3026
9936
6371
2926
7426
2611
1941
1911
5266
4901
2566
1936
7296
4901
1286
7366
911
7826
4146
7686
7251
7186
8561
1286
1736
806
111
3761
5041
6636
5826
4216
676
3631
3276
1
8771
4466
3116
1576
631
1416
346
2761
9101
4816
191
7066
3611
2281
2571
7636
6221
9946
2996
7886
4936
4946
9001
7536
1971
3986
796
3736
5366
7596
6206
2781
1356
4876
601
3991
7231
4961
7316
321
2956
1271
496
8746
5306
4961
7291
566
8701
1906
1496
496
8791
6836
7376
3856
2986
9941
8021
6011
8296
6501
7921
4281
4921
6796
6166
5626
6036
5651
9081
5411
526
7086
2796
9221
901
1851
2551
1351
5891
4296
7516
5626
6156
3186
7421
1936
6301
4446
5861
5541
1776
2586
5936
4736
161
1026
9446
1761
4381
5976
3661
7261
4511
5796
1311
3956
7311
9596
2156
6776
8216
6671
3966
9201
4611
5701
7486
4376
7961
6156
6076
6576
576
8681
5831
6576
3256
2381
1126
8746
6281
6036
6161
371
7961
3896
4431
9001
5616
7906
4306
1881
6376
31
7096
3941
6276
1716
216
381
2061
3596
2321
8461
3006
5686
91
7006
2161
8486
706
3471
5651
4991
4926
6581
5786
9676
3336
3066
4281
8201
3781
7791
3401
3836
2391
4321
5726
4921
5561
9996
2391
7491
576
646
2061
3681
8611
8716
11
1241
3311
8051
1226
4211
8851
1441
5371
2481
4571
4111
5536
4746
4566
126
3371
466
7116
3031
5306
9126
2626
2831
4411
4901
541
5521
7071
511
536
6686
966
5076
4061
1451
926
6616
7271
4991
26
1931
3586
1436
5551
7266
6781
8806
8931
801
7326
7626
826
9041
3256
7076
6371
2951
931
4096
9506
9136
5916
6536
6211
4241
5886
7181
3376
8826
6251
7246
8561
5026
4801
4386
871
1886
7781
9996
211
5271
3916
3151
5281
9566
8276
3276
5286
9826
2141
6141
1726
146
186
9921
9291
4321
8421
3311
4226
4926
8496
1446
4786
2621
8861
5731
4696
6961
5881
7406
6271
4016
481
1301
9486
1496
3856
5326
8661
4591
8251
6061
7331
2876
5271
1766
5061
4071
5561
2296
5911
4016
2116
7186
9681
3166
1336
2636
1071
9751
2456
9691
7111
2406
6351
4086
4761
4871
6791
7256
5141
9786
5521
1391
8846
2221
606
8011
3226
3536
931
1286
6986
7961
4986
1686
1551
2841
9146
2031
8571
7811
5996
1396
3541
9446
8311
9911
7106
7526
7481
3526
8606
5436
1736
7466
6871
9421
581
9121
2666
6311
1221
3671
5606
1396
5036
6696
9156
6096
3256
7446
8546
3096
5256
3646
9116
2881
26
7606
9841
4401
5336
1321
7091
91
6546
7906
6121
3006
5606
726
3921
8471
3066
5396
7121
1291
6521
736
7706
1431
5661
5901
2666
7896
9156
6436
9776
4016
8056
6891
546
2766
6316
5231
326
3426
1811
8126
1486
556
2526
5681
4261
6546
1241
7941
3136
36
3101
5911
7031
3016
3286
9901
7011
9191
716
7371
6121
8596
9641
1846
4921
2211
4876
1491
8836
1216
7656
9396
4191
9366
8086
8151
6491
1661
5206
4021
866
8696
5666
6146
1671
6296
6206
7866
8131
9926
1131
3036
3586
606
6336
4356
8346
2591
4996
1636
9231
3656
161
8191
726
2616
4241
6226
3711
6956
9931
9246
1786
4081
6851
7556
3406
3771
8961
9236
6701
8226
521
7601
8191
6366
7901
2676
156
8551
9996
621
9451
4026
8486
7291
9036
8271
7406
831
9991
2716
7476
1051
5866
691
4751
136
1036
2811
2916
6136
486
9411
9951
1631
4951
5291
6856
4956
2041
8266
7661
2941
9001
3741
5251
2876
721
786
2021
5216
941
1456
3501
2846
8466
4671
7916
676
1276
1191
2641
3746
9516
3456
7591
6126
4311
9836
1726
8221
1476
2971
5241
6001
5266
3281
9626
3851
6266
5696
6241
1831
9871
396
781
7711
5151
7996
836
6356
2126
7541
4721
2281
1406
3116
6371
1171
6231
6916
7011
6701
3411
76
9896
9216
3876
9776
141
3801
8316
856
2636
1956
2626
9966
5531
3376
6441
1201
2001
1311
3826
3621
1791
9196
9906
1761
9561
4651
9751
4911
1661
1051
5726
6901
1601
6526
4926
6461
4411
561
4536
8186
416
2146
5941
8176
6466
3891
966
6146
2736
2811
6656
6911
9441
7171
1731
8971
8641
2746
4701
8276
4166
7801
4691
5051
2311
3726
5991
8141
1086
5106
8941
9641
7971
4361
1631
1176
3746
376
4561
1066
5186
1186
191
9046
2356
4536
6716
1091
4476
6991
5126
7731
5306
9251
9436
4596
8621
4711
8906
7661
9391
8951
5751
7296
4756
1336
8061
31
1961
4501
9631
5716
9946
7786
3511
7581
3951
566
1991
5576
2921
4831
6081
7806
336
3681
7356
6626
9901
8286
7541
9821
5091
6706
3736
1936
3081
5916
5421
5751
2001
5531
8721
5596
8241
906
3891
2346
8596
5481
1711
6496
8076
1156
3261
8996
3751
6566
9621
2466
8841
7091
9621
5081
1801
2461
291
1746
9316
5821
4666
916
4486
6761
1156
9296
791
591
1841
6921
6416
8696
6571
8861
3171
1891
331
686
9031
8206
5241
5881
1526
7451
7501
7681
8786
6901
3691
9661
3891
546
9276
1791
8076
1441
3251
6401
3886
3386
8966
7046
2321
4116
3556
6611
1046
5131
1821
9681
4216
736
5386
5536
4626
646
5301
21
6966
2491
291
8691
8276
5031
3791
5401
1601
6991
1261
1141
8991
9976
1556
7846
5511
7056
8526
9796
9066
1411
9516
1826
6611
6221
8141
2856
6326
3386
481
8291
1086
4511
6756
1096
9956
3251
5906
8486
611
8656
2946
7331
8621
7506
4686
256
1096
5851
9321
206
8041
5131
4911
6586
5626
2541
2271
7671
2401
5191
2921
3511
9491
971
5406
6161
3391
7896
176
7746
9051
901
5591
8886
7986
6201
8586
3801
3886
6561
616
6331
5591
1826
8951
9881
2036
4621
1321
241
9081
5341
7551
501
2991
7201
1156
3026
6021
406
7036
4581
3201
4841
6566
2501
2836
7276
6216
6621
7466
4136
6481
1951
7566
4846
6791
3981
581
5931
6886
1006
8516
9761
3481
8706
9956
1566
4286
986
5351
4826
5646
9206
6641
4386
6391
8146
2201
9221
2721
2901
2801
7181
8801
5601
1921
3421
166
6536
9011
9441
2096
5566
236
3526
936
9861
6211
3341
4846
6736
6036
6576
4611
3401
421
1431
6926
8111
8316
1026
5601
7521
3451
5676
5366
4756
3291
2351
6506
6476
9971
5121
6966
746
4351
7791
7731
1341
6096
231
8551
1046
9161
4111
9856
1931
2226
3451
6236
3331
5976
2291
9886
6696
6431
6616
8666
2151
2131
1231
681
7021
4141
1591
756
7376
8116
126
8111
1516
5991
7621
496
4591
2531
7691
906
3576
8391
8131
9111
9956
3306
8661
3261
8996
7581
1901
5076
6031
876
7021
5351
4326
2936
6971
7911
4796
6541
2916
3591
4161
5886
6831
4601
5296
4931
4956
316
9626
6
4576
8121
8426
431
5546
3861
4091
6966
2741
9741
161
206
1546
6751
2916
3831
6531
9531
316
6996
6071
5021
4786
6761
1076
9866
1566
1406
4021
8581
8116
8341
966
6591
1106
4146
631
456
8796
5856
8516
1671
9641
886
1251
8346
2426
5606
8176
9081
106
6486
4496
6056
7076
5981
5326
7841
7586
8536
2396
8751
5081
2081
6111
2386
306
5856
2301
3691
5581
7356
4121
9376
4961
8831
3226
991
56
5021
4226
7796
1606
6516
4471
7356
3636
9876
9351
4681
6276
3521
9311
1786
5476
1151
8986
7576
7006
2741
9296
8491
3416
6066
8896
8991
1116
7381
4066
2941
9531
7686
1436
3061
9976
5921
2681
8026
4566
1226
6926
6901
4856
9281
606
3441
3911
8086
3961
2601
6361
2771
7216
3931
3266
6486
6511
601
171
7101
3451
8406
1586
8636
551
1596
51
3896
1786
3421
6181
3751
3841
181
7456
3751
6736
3096
56
2281
6641
4086
101
7681
471
6146
2246
4291
8716
7996
4956
3081
7261
2921
3571
711
7091
6001
61
981
7716
8311
2336
9321
3036
3836
6921
6391
5781
9191
4936
5946
6431
9681
9106
2986
9401
2126
4251
2596
4451
171
2136
2681
6841
2026
6231
6211
451
5021
666
8656
8411
1186
7256
9381
3121
256
4966
3281
951
2871
2796
7061
3586
7086
5766
1536
4696
6341
9116
6716
3821
1441
2786
9401
6926
871
9726
4516
3546
81
5456
7901
4136
8751
4151
5371
1166
4181
6406
7961
2851
6991
296
6231
1396
9391
2211
21
7086
7111
9281
6631
3146
3781
1476
4346
6346
6731
1236
6811
2246
1026
3381
2301
4871
6556
6251
7401
8231
9521
6156
6906
1821
8116
4836
5126
4451
6631
5011
2631
5886
1881
2256
4376
541
9256
4906
1111
3186
1521
141
3536
221
4916
9436
6651
6216
9216
1966
9831
1671
4851
9026
776
4066
976
8981
1381
4746
8566
8091
5116
5126
3136
8646
3936
5046
9526
1041
1766
4141
9796
4891
3746
5701
3931
7706
8436
4656
1871
6851
8161
8741
8201
5071
4496
3726
5716
6176
3561
931
8981
4846
7526
4701
9466
6171
7111
3741
8326
331
5326
4966
3106
5206
8916
3831
3631
4331
9736
5756
1016
3041
9246
2526
2171
71
4561
3356
1826
9666
9576
271
3286
9036
4651
5241
2966
4701
1771
16
9151
8176
9736
8456
6421
4946
356
3546
8336
4236
9146
546
821
1131
1211
2971
9541
8666
2616
7256
2851
4516
1266
8241
6386
1076
1466
1341
1061
4986
4706
1351
1681
9226
96
7136
2006
7581
2721
4706
8216
6676
166
9811
7031
3366
7571
9361
8371
8751
4326
6906
8981
1171
3506
496
2806
4556
6481
1381
6591
6986
3676
7696
3856
3406
1181
2976
6491
1356
6586
1161
936
8756
9831
7391
1311
2426
486
2471
9676
8491
1711
2371
1661
7281
886
2501
7456
1296
7636
1986
9816
7571
8361
1991
1996
3946
6386
4306
2941
2586
4336
351
3371
7491
2436
5441
4676
6
296
6946
2641
6771
6051
7596
666
5146
5441
9486
7301
8591
9426
6906
7526
651
4126
4941
9756
3126
3931
2186
911
8041
1691
6916
8841
9211
7571
6711
7471
4226
2881
8501
1386
9646
2556
8871
2466
1471
8541
1441
9856
1581
4426
9291
4251
3966
1611
6486
2701
2831
8311
5096
4491
9086
7401
2711
4871
741
4541
5551
6701
7041
2156
5721
1856
9461
5961
7286
9386
8366
5781
476
2351
4006
1331
5006
6696
5556
1456
1706
3916
5516
6176
831
656
9806
6651
6246
7326
6621
3541
4361
9166
4231
1616
351
9721
271
6601
2816
5636
7176
9481
3071
8601
5401
6551
3516
881
9011
2381
3076
2671
7681
1816
8381
761
3731
6576
7001
3996
5226
2151
591
2171
2106
6946
5846
9811
2576
9121
6171
5396
3266
7946
7226
6056
1006
5466
3331
1776
2251
8106
9381
5071
5811
3261
7851
6446
8506
8296
4051
5586
1676
8401
5096
8206
971
7941
5006
4176
5971
9461
9946
6296
1001
3656
7156
8711
8781
6006
4106
6381
5986
701
496
9676
7141
3201
8531
9351
8541
1716
366
566
3861
5786
6896
2106
5606
1366
4766
2201
1771
851
8836
8701
5756
3376
2046
5046
6476
2546
6806
5451
1591
5681
5561
6296
9466
5696
8031
1911
1326
9711
1096
9541
381
4801
9776
6531
5916
4331
396
8941
5891
9571
4261
2976
4081
3476
5121
1316
5321
7041
1116
9701
5766
686
8606
7836
5616
6076
6746
9616
8771
9356
5321
2246
4861
2511
8271
4431
181
3216
2956
2821
5876
1356
9866
61
4686
7311
2896
9971
9071
5816
7516
3241
6876
5821
5926
4806
7081
3471
3206
3011
9151
5601
9741
6811
9611
9126
8656
606
4186
2906
4991
3446
7001
8916
9671
5086
2316
1366
8086
5356
6396
2511
9026
7741
1736
546
9586
8511
3481
9041
3891
8341
4121
1566
6381
7931
1616
6091
8536
3971
5191
6671
6756
9006
2821
4691
6381
9551
886
2656
461
5671
4316
1576
6006
7086
3096
6626
4326
4221
5686
2691
1951
3061
146
8001
9226
211
3716
9296
8386
5386
2801
3091
111
86
8936
1826
1111
7796
1151
2361
8421
3406
5821
2856
1676
1531
4391
9496
6191
126
9231
8101
1166
5341
6556
4371
9651
101
7076
951
9596
2276
3621
9206
8246
3126
846
2721
8066
3181
5121
4751
5451
2196
8256
6206
5981
6521
7381
7061
3411
7556
5041
6766
5661
5811
5531
7936
6706
7076
4691
1126
8361
2606
3921
7606
6516
3431
1451
351
466
4301
8786
6331
9166
791
8986
5266
2641
7096
2936
5611
426
4816
7021
1281
2036
2706
9271
3051
4866
5276
4716
551
3381
6321
8016
2296
7816
5161
7371
1211
9261
8076
2671
4796
4061
831
8326
6536
646
6711
4771
8921
321
2161
3416
8861
9131
3221
6331
1781
171
5766
5661
2356
1186
8111
296
2016
7626
8086
6346
3241
916
8336
9601
2736
2791
8476
4276
1136
4471
5146
9491
8731
5656
5951
5066
2091
3251
3116
516
3206
6701
2871
5381
8716
9776
6266
3046
4726
641
5676
2761
6151
876
7446
2496
3661
7501
1521
3951
5051
561
4981
2766
4551
2216
8246
9701
2231
8151
636
3896
9811
5691
5876
5486
2476
8971
9286
1416
8016
411
6916
3416
9021
1496
336
7311
4266
1116
7346
2756
466
2716
3501
901
6586
3071
2676
4101
4191
641
7581
4861
8496
9026
956
8441
856
3146
5431
5606
3331
3396
1896
7691
5431
5181
8411
9961
1076
1891
366
4491
8301
8126
7441
2361
3956
4496
3141
9666
8116
1446
1751
1966
6176
6211
9891
5476
4201
1801
2366
1541
9931
3866
9831
9951
1136
9051
6951
8676
1426
7956
3636
8991
3506
3271
8836
9946
7166
4931
2531
8016
2521
6186
2096
3116
5191
8276
7801
7181
9746
201
4526
1901
6711
66
4976
2221
9976
4311
7756
3696
8236
4836
7931
5756
2386
7781
9721
366
5256
3406
326
5176
3426
3696
9111
7036
6391
1836
8006
9481
5881
6856
9556
9866
556
9181
9836
3776
2241
1696
571
6406
1216
7426
1581
9346
3031
7461
8426
796
3351
5551
4631
6556
7671
86
1791
6476
8486
1301
9396
436
986
16
5091
6981
9701
1496
8626
8606
7851
4536
4196
5056
9056
2766
7091
1131
6311
4786
8921
1331
3616
516
2776
8396
6686
6666
2376
751
2966
4586
2336
7121
9176
7401
2461
5291
3676
9646
4861
2786
1746
7736
5156
9531
3981
3296
6016
7921
2866
8581
6776
2826
7611
6676
3016
9851
691
7706
1896
3091
9841
511
7491
3211
8411
8261
8711
3626
4896
9151
4426
791
9156
9171
9321
7531
5731
8826
5846
5801
9556
8841
5231
5246
7206
1391
9151
1681
4856
7976
3486
961
1101
7901
636
7516
4341
9636
8091
4526
7691
5441
5311
1346
1531
5666
8061
3396
3781
6451
6071
2771
4316
2116
5276
5771
8991
6436
3606
7871
7696
3616
4151
666
8816
7361
1786
2251
5461
4801
9026
1746
6361
1231
6691
8781
2266
9546
4396
2066
5906
9381
7001
6071
9301
7126
636
8441
4746
6526
3716
1706
1996
8516
4501
1581
7226
4166
7721
3011
5376
5851
9351
3751
7716
3971
6241
871
4231
3581
8511
4221
146
4381
4586
8771
7151
946
5991
6171
1061
8071
161
1836
2161
5676
1481
8586
4701
1031
7821
3731
9411
476
2201
176
1806
5921
946
8251
626
861
61
9726
8986
8926
2586
6881
9996
4301
8521
9261
5296
4561
4906
7201
5961
3526
6601
6256
8526
8726
6691
5701
2476
8216
3441
2061
66
201
5641
5666
2451
3946
5026
7891
566
136
6316
2221
3936
1611
4941
4796
4706
3781
1741
861
8036
7701
2861
6231
516
8921
1921
1931
8651
2186
9166
5911
7476
5971
1631
6716
4996
4241
8926
1221
4146
2071
8841
5711
9371
8431
5341
9886
106
1371
8691
2321
2926
751
9071
5096
6936
6396
106
5046
8606
5411
5321
9131
6481
96
7256
111
4126
5941
7991
2986
441
4156
9306
326
3886
6091
2181
2971
8056
9301
4046
7856
7311
2076
1856
6706
2096
2626
2296
5581
4026
1201
856
5251
2741
9526
8791
6571
7541
9416
8166
9421
1816
4481
3216
8476
2731
4571
6676
851
5481
9521
4126
7106
1866
5621
156
1731
811
4666
7981
4096
5421
2711
466
5356
6691
1376
9266
1641
3701
9431
6531
3786
6401
2881
8081
2766
7976
2516
9926
8806
7136
8206
6406
5101
1701
6366
2256
7011
1986
5336
2606
6881
4421
5941
4076
7171
4271
3321
8046
9646
5221
8631
1511
6041
7336
2596
8791
976
3581
7161
4416
2116
8336
3996
7616
7656
7826
9501
151
8371
8876
5841
8426
8666
2561
9031
4521
701
4316
4676
7511
4986
5726
2751
9401
4106
9991
71
456
2341
2801
6806
6541
3276
2421
1821
8236
6416
9706
1626
7531
9941
6886
1811
701
2996
31
1471
8171
66
5106
2176
1296
331
8746
2666
1936
8101
1171
896
5046
2656
7696
3881
9921
6626
1221
3741
9586
8361
6786
4836
6686
2816
4766
7376
671
7386
3236
6386
2811
1311
2156
5506
5381
9341
1436
5476
1756
4201
9401
4036
6676
686
8331
2076
4421
7131
7871
751
4731
2341
6926
7811
786
2121
5611
5141
4826
1486
6756
386
2521
8011
671
5881
7446
5211
7881
1481
5326
1351
6051
9571
9591
9416
1936
4596
226
5006
4611
7566
2141
6411
4296
5741
2366
4056
2426
1381
5621
51
6421
5501
5251
1306
9786
6066
6471
2846
4171
4801
7821
8356
136
2706
1656
3641
7791
6316
9031
9731
9476
5596
6021
7641
3741
2856
9831
7346
7066
5316
7066
2396
4256
816
4211
8941
7196
2561
1881
3476
2291
9121
981
1566
9226
2991
2901
3691
2626
9421
1376
2381
956
3141
9921
6306
3641
6046
421
6736
5501
6571
1701
1721
8766
1401
4766
7921
5846
6156
2886
5896
6996
4701
1851
3871
3366
4411
2316
2451
9651
11
9406
1696
9146
6056
8726
1081
5161
4881
3656
596
8221
7831
3106
2651
6026
3546
826
4576
3216
321
6521
1281
4296
6196
4216
6656
6856
4156
9001
2176
5111
6236
2286
5806
1621
5711
2571
5361
631
8746
4606
2086
5291
2556
3991
9551
6186
4651
7631
9591
2141
9091
1106
5746
3031
2611
616
9221
4771
8441
3536
5706
1941
8626
1366
7446
2706
926
7706
3146
1036
6846
4661
4441
3446
9716
1056
9261
5041
5536
4681
6321
5106
5771
4241
996
8921
7966
9321
6856
9926
4166
1491
5251
5456
9886
3551
3761
9521
1556
5471
1421
1761
2261
2771
2976
3806
2146
5996
8641
2066
8351
9231
1766
2376
2181
4721
9131
4276
5506
291
6931
7146
1761
9606
1356
5306
7041
5706
3876
4111
4461
1806
7266
1196
3641
426
8271
6561
6741
6196
571
7501
706
5501
3491
6081
3386
3026
4131
1191
8986
2111
4551
8976
3021
5546
5001
1626
3266
7381
6811
5826
1656
9066
3246
9046
881
7296
3081
3521
5271
9201
2356
8471
736
9226
521
601
5721
1191
3696
6331
3826
9466
3351
8231
7761
291
8436
451
6981
26
7676
8726
1861
7946
3796
2681
4396
6936
4081
8556
4341
5136
4141
1096
2996
6601
961
3481
1846
891
1836
7006
641
8451
2521
1536
5006
8941
6056
2861
4181
6736
2236
6501
8696
2571
7051
3866
4196
891
9311
2316
5911
7276
6906
1071
7276
1866
9706
6291
9066
1046
296
8156
9241
8681
4071
2546
1451
5416
2341
8366
46
8091
3151
1796
5071
2551
1286
8196
11
8106
8831
8816
7436
1546
256
6791
9886
7411
2166
6406
9851
2441
8136
6061
1996
3681
2001
1411
9646
7576
3301
1141
6746
416
2536
71
4971
5066
1361
6046
1796
8526
7136
2046
706
2831
9041
3556
4291
7146
3041
8456
8071
2771
681
8536
2206
7766
1876
2201
7231
9056
971
8766
491
786
3486
6111
6116
9501
3516
4696
366
9926
3086
301
5171
8946
421
9281
5066
6591
9151
7461
8391
1191
3791
7056
7806
8316
1301
8151
9981
1326
5091
4531
7566
7486
756
1181
7281
4671
8331
221
2496
4136
426
9876
7666
3496
8771
6336
716
3481
9386
3806
2511
641
2696
936
701
7331
7041
6831
8241
2551
9671
7006
2286
8426
8431
7771
3001
4036
1161
2376
6326
5211
1101
1641
8356
4371
7846
8866
7851
1731
5466
1481
3291
2336
6166
4406
6586
8781
2591
9601
866
186
7471
1241
3531
7551
2226
4186
3851
6621
6551
3651
7496
9166
1371
2471
6641
3576
5416
8751
8811
6101
4541
7536
6406
3641
3151
9761
8111
2806
3601
6581
3121
206
1116
6086
8086
3206
3316
1411
8511
7676
5866
9671
9656
8996
8391
5516
4816
5056
4436
5496
4886
3686
241
8891
7941
6841
376
9216
3871
2531
9536
8376
3696
4586
36
7561
2041
3246
8796
2996
5741
6766
3926
1276
31
8221
4776
8916
1296
5951
2526
1656
1551
7036
4161
2546
4211
3941
9331
5486
8521
6516
116
1916
5666
6086
316
4861
2306
3501
3936
9326
4781
2456
1741
1041
6561
3356
8326
2046
8001
8756
8631
8346
7866
1001
1411
5301
9161
7856
311
2166
1021
2396
771
8926
2001
5636
8821
2821
6026
4951
7726
2281
4031
7786
4791
1516
2361
8201
1476
7891
8716
4336
6836
3561
2326
8011
5986
7776
7576
4551
5926
6161
4096
9891
1881
1366
5216
1291
6741
2396
2691
4456
176
2856
7051
1851
6126
9711
5861
3376
9416
3331
9966
3986
5631
4806
2896
46
2361
1301
2311
1886
6821
8436
7176
5836
3296
2576
1871
2006
2461
3606
841
8951
1796
3826
1766
4726
2241
8366
3181
7941
2421
8776
7051
6106
1386
7966
3531
5526
4996
7636
56
461
1846
1686
7831
5091
4116
3111
3091
9751
8156
4751
6386
6966
8871
5221
8886
8866
4696
2096
7276
1716
7476
5766
6976
6281
5231
3176
7631
8141
7431
4456
1701
2706
8591
621
3691
5796
6166
2486
5201
4616
1361
9141
6896
7031
5671
3621
4766
1761
4471
9786
3966
9556
2366
9156
1776
3536
9406
9906
4186
9501
2781
321
7841
8161
5201
4956
181
7916
9901
6336
8741
8191
1841
696
5146
3321
9651
8081
8671
3631
1341
7406
2101
3901
7396
621
5681
2621
7601
236
1406
2966
231
3706
2766
1071
7191
471
6486
4521
1246
8201
1641
3951
4181
2631
8026
976
8381
2756
7711
3896
2976
3301
8581
9196
5471
7336
8566
246
4606
1536
231
8911
6921
2251
4091
1
401
5156
1561
2776
211
4461
7006
9656
1161
4391
1546
7236
6866
5081
3676
3821
3726
666
7681
5231
3411
5126
3636
2661
2981
4546
8446
1241
8451
671
6041
1101
1476
9896
9091
4361
7166
2081
1591
3376
7131
7321
5806
3846
3581
3051
2526
4506
4636
2676
6256
6321
5571
5206
7956
5966
8911
556
71
8881
4556
946
7371
1011
7561
8036
9141
846
9106
7721
9256
7016
1991
776
4466
1946
2731
6331
5581
131
5226
1031
1141
4376
8026
6781
2981
9281
9251
4736
5331
2126
6721
7751
8361
6361
2386
7841
7561
9291
461
5301
3166
3346
4046
5941
7956
9726
1386
5981
2191
7721
7401
3291
781
3711
9451
3811
11
3056
651
5736
6781
421
2236
5021
7646
961
4041
2551
7321
4171
2596
8631
2336
6036
9426
1601
206
5636
1856
7641
896
3491
2486
6011
4276
2361
6086
1596
9916
2821
6451
2021
5001
5891
1191
4051
8756
4631
3456
1196
5521
8971
8586
7091
9346
6911
8041
6941
8521
676
1036
2066
5696
5066
3666
5951
6436
5071
4616
8081
9086
1821
4551
8556
2671
2886
7886
7176
7856
7441
5956
8171
2216
6411
5171
2496
3156
8726
5131
6636
9261
8386
2501
3811
7201
8676
7146
4371
4336
8761
7796
8261
416
2256
9721
6291
6456
9381
4426
3176
9781
1601
4601
441
9696
6071
2166
9446
3916
1511
7236
5611
6506
8836
406
5106
151
6
6791
9101
8126
1426
9186
2431
7221
6696
9216
2966
2451
4476
891
5471
9456
5286
8006
9506
9386
4856
5376
661
5916
6651
2076
9266
9971
26
6291
8556
6421
3396
1696
4221
1606
4911
1251
6921
7891
196
681
6116
7526
9376
2701
1946
6801
3636
7861
7286
8901
9251
9411
3561
7511
3426
4781
7721
6866
4436
656
7756
6566
1386
1196
9826
8656
6471
3026
636
3336
451
1371
5151
1051
8146
6531
4491
5391
7931
3901
5631
7356
356
7056
8676
9641
2196
2111
6666
7186
5641
2386
806
8201
9941
6606
6241
8191
5111
671
8356
5286
936
1621
576
2211
7976
581
4246
1176
5676
9011
2381
3196
7926
1516
9656
2426
3226
2626
2351
4441
5886
7121
2921
821
6301
8226
3161
9096
3231
8681
8591
5346
5391
2486
776
8236
361
791
5581
991
5746
7146
4401
6621
9241
4056
1111
1111
6881
3671
9956
621
2021
6286
916
3666
9936
2586
4901
276
3551
196
7306
3341
5566
8726
7346
4666
7326
5351
586
8751
6116
2906
9686
1246
7821
3531
5811
6541
5921
8336
3656
7851
636
3976
2991
1626
1921
326
2591
771
3491
8681
3111
8306
1826
6876
2056
6646
5766
7811
1216
9836
4066
5681
9621
6951
5341
7506
3821
1891
5926
1211
4311
776
3161
2186
9511
2146
9851
2301
7586
1516
8041
9301
1081
4281
3761
8521
9561
9626
3101
1346
3911
6456
4281
9111
2781
1421
711
4801
6431
3831
6766
1076
7336
8476
7776
291
7651
2701
7196
5001
1486
3221
121
1581
6736
2786
4521
4866
8321
1646
761
346
1876
6096
2201
4256
8956
2611
2611
8571
8901
2506
4046
1666
2181
2781
4496
7891
4641
9686
3851
7021
4641
5541
6851
4556
5901
1831
4016
691
691
9636
8556
826
816
3961
1076
3686
8836
5171
7971
6751
8171
6551
926
7026
2241
876
836
7386
6731
5301
3911
9561
9186
4851
501
6291
6011
8706
1256
6636
5076
371
391
311
5246
8956
1031
7626
4661
8546
2116
2331
4006
5211
8781
391
4046
4136
9856
5816
6016
6876
7441
1291
4291
7546
5071
5496
481
9176
8216
3036
731
1551
966
7806
3936
9526
2386
5796
2976
9846
2491
1551
2091
4821
726
9806
9686
7026
4026
8956
1806
5016
1326
4481
1171
7411
7616
6121
7341
2371
9256
7291
301
941
2411
2016
9086
816
4431
6086
4561
2271
236
501
3666
3846
8396
4186
9756
8471
5161
2721
5846
9471
5166
8956
2211
9551
4966
7011
5686
8541
9326
1561
1886
3531
8636
5271
9856
2986
1731
5651
1656
1246
6596
5801
3211
836
6786
3966
4101
8486
8966
7836
2436
3266
8846
4161
6566
6971
9581
9101
3741
661
5221
9016
491
2896
7616
2736
6831
4131
6346
401
2631
9981
6001
8281
926
3921
8241
5841
5961
1726
7926
5136
1741
8461
2341
9386
4681
4031
9576
7316
9766
9111
9791
9361
9671
9371
1201
1816
6101
3686
3581
7196
9026
2196
1616
8641
6901
7341
6351
8076
2266
7971
3171
5116
6941
2286
4506
1921
4516
8406
386
3896
2051
2276
3691
5146
5476
2101
4641
9306
2531
9301
8396
2461
3716
7051
5806
2231
7771
9006
361
866
3046
5131
6246
376
4056
9531
2851
2581
1236
4936
6701
5996
3881
3866
8951
1271
1646
4711
8156
6236
1211
7636
5516
1256
6726
6871
1621
2551
3421
3021
8631
4831
2356
6996
5736
7381
3761
8236
341
2631
7061
5541
7691
7271
6451
7506
996
796
36
1391
2451
1771
5056
2756
1141
7466
2286
8426
4111
3446
2661
2291
3171
5666
421
6436
4481
3706
6396
1291
2616
4111
401
7846
8421
1756
7241
621
1206
6156
7936
3191
7926
6261
781
9296
8736
101
5776
3881
6596
4831
5176
276
3591
4626
5361
2726
5826
736
9176
5196
2011
3111
4726
5951
5971
8666
6621
391
2051
556
7506
7651
3616
2006
6811
5016
7576
2431
1301
4071
8851
3131
8071
7296
2206
7741
9951
4296
2811
5716
9656
5266
8736
5371
4976
7246
5896
7396
6551
771
8396
3646
2696
5776
7511
186
2881
2076
236
1311
3236
7841
5746
3381
3651
4406
4531
431
806
8286
4451
3806
7971
9271
6491
7746
3146
5041
2446
6126
2296
6276
7951
8096
9426
4891
9921
1531
7881
1916
9376
7241
6066
846
376
5751
2491
5871
7701
3916
7016
2851
2436
786
3786
1981
7331
6171
9336
6536
4756
8076
4101
2841
1226
9456
8046
8266
8411
4686
451
8966
6591
3476
4246
5601
586
4471
4651
5506
7286
9566
9471
5491
2071
4436
1011
6681
2776
4066
4791
6266
9956
3831
3926
2936
36
8196
4376
5471
1061
3666
831
2176
9006
5541
6861
7366
9881
6431
6871
281
486
5386
9766
4321
6351
5446
5166
7391
3086
8276
5426
1736
3361
9941
6961
5391
956
5966
5571
6426
8476
736
9371
6931
4131
1516
6221
3211
3631
4466
1086
6656
266
691
5276
591
5236
7546
741
3261
506
8831
5416
6741
996
2056
7591
1566
6281
2871
6131
6991
4451
111
5366
5941
9916
596
141
1856
5671
8591
7126
8031
5426
2836
2636
3406
8216
1501
96
7226
5186
1316
8376
1121
2736
286
6466
3726
9666
1421
2276
2746
1176
1926
6011
9096
9501
9506
3651
4271
8181
9961
9756
661
9531
1546
2026
4616
3081
7021
5931
7586
1751
6971
8801
5896
3731
7956
2466
7951
856
1261
7416
5616
5966
2906
1251
721
9626
8121
1336
4131
7776
6201
8996
6606
5496
6731
7176
8186
4446
9731
5471
9126
5376
941
8401
7641
491
5871
651
3456
9376
8236
7451
7626
591
1531
2196
5586
3731
7691
361
9666
5181
5981
8636
7116
6396
4436
9581
6761
8931
1686
3286
3541
1236
5456
7916
506
7881
5986
5391
961
266
2471
1331
3271
8371
536
1
1981
8616
8031
3776
4681
7301
5716
4841
1641
9691
7886
7411
7916
3986
6171
3791
1536
8811
2016
3026
1611
7401
121
8116
5861
1696
7571
6721
9176
2491
7066
6816
3546
751
8786
5906
8581
5671
1811
1551
1706
5811
9366
9686
1901
541
396
9666
266
8891
8881
981
5701
301
9271
536
46
4911
4731
2656
6326
9786
9576
1011
7361
3151
7701
8646
2816
116
2726
1011
9951
1246
5286
2541
4736
3776
356
9211
5366
1361
4541
2351
9466
7331
5346
7391
3156
3001
5646
2776
8051
791
2681
8936
2376
8291
1156
4461
4661
9021
3926
2336
5336
9366
5796
461
8796
6646
5751
8576
4546
4896
6356
5571
9101
5026
5646
711
7611
4136
1496
9591
6191
2791
7661
9276
6601
8741
1161
7366
3861
6151
9706
9346
7786
5886
5726
6721
8511
336
5236
2516
1136
3176
8101
4881
8206
4341
4206
4426
8261
241
526
4461
766
9816
8351
5321
7486
4896
7671
8061
701
8301
7661
6671
191
5791
8431
1846
3231
9006
9306
2836
3451
8811
2206
6616
9986
8936
8136
6316
5461
8081
2106
9721
8731
881
1931
4981
4976
8611
1
7536
7471
8436
4311
7911
3851
2366
521
9011
8801
2571
2436
5661
5331
386
4856
1571
7221
8601
6241
5246
6661
8466
7711
901
1681
8841
116
4781
7036
5736
3671
3311
2481
2606
6401
5466
5236
7141
5806
711
8341
8221
4421
6286
2926
6831
3706
136
7016
7886
7751
6141
3811
8511
2406
4326
2231
1646
7881
7016
2091
6446
6471
6571
1461
2161
5441
1021
9291
3471
7841
3421
6111
9061
9651
9991
3401
4761
101
3211
2961
9566
336
6011
4286
8311
426
8291
2321
1206
2536
3761
2746
3311
4446
4346
5201
301
576
9911
4051
2846
9286
1501
4431
7556
5301
7871
8161
5236
6931
1666
5571
5976
6771
4831
2191
8231
8576
1266
3156
8131
5931
1536
3781
616
9741
2516
1141
941
3056
9986
9571
1251
6526
3391
5406
4401
7046
2191
5691
5616
4086
2056
8626
1096
2646
3186
4881
6016
9936
6541
8636
1016
8391
296
2121
9511
3126
6276
9726
8416
2956
6016
8496
2926
2236
561
2756
9211
4106
121
8101
9286
2726
6296
2506
8761
3876
5001
2706
4416
9651
1651
9416
1201
6301
2871
7966
6686
7346
8856
381
8196
9551
1586
4811
1581
6566
3921
8301
2051
21
7116
3966
7781
3191
5816
8871
1866
1461
9821
3566
3941
7231
8721
3401
1031
3431
3686
1721
7941
3476
8171
4996
321
5261
3626
3906
8446
3366
8946
9316
8596
8166
226
4656
7266
9871
1016
1751
526
7796
8046
2226
3196
4656
6976
8856
5641
4671
6666
9781
9711
2371
8046
1871
9326
4141
9071
2921
9906
4556
9746
6931
9331
2566
4416
5851
4956
66
1541
9591
3501
921
76
4891
526
3291
3046
4491
7936
5556
5971
4851
706
4581
2576
3626
7451
6136
2911
1501
9746
7246
5571
9636
7666
2001
3956
201
9716
3566
6476
6586
7946
5556
8386
6861
5446
1971
9556
5166
5096
9791
8886
8446
2826
1371
241
9711
8536
6806
2686
7711
2226
7521
6021
746
3666
5561
4741
9511
7461
8301
7096
9246
3841
5201
7906
8616
8211
1041
3016
9041
9431
9046
1806
1796
2871
6616
7026
3646
8651
3626
7736
6496
6796
5061
5526
7406
8196
911
9581
441
4376
3451
7981
5486
7631
7111
9066
516
8706
7771
7676
2596
2236
1276
3431
9061
8676
1691
8956
1061
2951
6286
7736
3736
4906
3441
5351
3571
861
9056
1911
21
3606
4176
1016
9431
4951
1731
916
6636
7226
2481
1406
9016
7741
3796
5031
8786
9946
3701
1381
9136
9016
9141
7081
9621
8896
7166
9601
3346
1511
5486
6051
5036
7101
1746
4871
6816
4126
2341
1156
2196
3241
3521
3396
841
911
6231
5771
1866
841
1376
9901
476
1596
3161
3351
8281
4786
7546
1026
7876
2816
4741
4406
6496
5101
1081
6946
7101
8691
5316
9136
761
7216
8621
391
2081
5891
3611
1666
2411
9911
2861
3201
191
4876
7396
3926
686
9616
7876
9636
8331
8186
7471
1006
8296
4926
7191
3186
6111
3736
2556
3471
2896
3861
341
5166
5586
4466
8641
2151
3056
4766
7171
246
456
5876
3596
9741
2166
5386
4761
7891
7836
5736
5111
2666
3176
7816
2636
9191
6896
8596
4476
6051
8146
386
4646
6901
3461
131
6516
7716
7826
2496
5586
6421
9156
7281
1101
4041
2891
8621
1526
1966
536
9766
271
9011
2686
3986
2211
6021
6656
1981
7856
7086
5756
3861
5156
7631
6361
9491
3951
9336
9991
111
9796
5416
2671
7636
8691
3871
3346
1946
4001
5781
6731
5871
9056
3816
8351
1626
2736
6341
2746
7876
3756
8161
6386
8911
4006
8936
6226
7701
7836
4366
8491
9801
6191
2191
121
176
411
6776
816
8541
1831
6636
4091
7921
7266
1941
61
731
8176
5946
2476
821
5086
6921
8866
4796
2621
8451
3466
5481
7816
3806
3526
731
2006
9336
1021
3721
3486
1556
1276
7561
356
8226
2931
1966
936
9436
3511
3811
9661
9846
2056
4856
2136
8611
2886
2851
7451
4706
146
9601
1971
166
5256
5936
6771
2861
4151
9036
4771
2951
7511
9676
781
1456
8071
7426
436
196
5056
1386
246
5311
3476
2786
6986
3421
8036
7026
8256
7656
6776
8671
7191
2641
2686
7716
7286
81
6116
6886
2931
186
9421
6136
9181
2251
5361
6346
9076
8361
2261
6811
4091
1226
7986
3501
5461
2401
6176
3716
3341
3396
1836
7476
2446
9081
8561
4131
8246
4076
9891
3231
9991
3746
8856
9591
5656
6376
5646
4081
2696
7321
3111
8501
5596
441
8906
7686
2651
9456
8851
6816
1606
8951
2271
5466
921
3131
9271
2306
4216
1801
4476
9961
1891
4616
5716
666
5396
9521
3681
6446
8736
5826
9961
861
3911
9446
7341
2691
8436
6176
5936
8266
3131
4501
8961
546
761
5611
8186
8686
9406
341
7126
196
5626
4056
4246
7421
9631
8211
8706
1591
7351
8971
1361
8416
1811
4826
9346
4531
6401
4261
1476
2761
7161
9671
6661
5651
446
8691
8036
5836
1916
6806
7456
1951
11
5416
6226
1746
341
1366
7036
6721
6506
6451
3281
7991
8626
8371
5176
476
2331
8161
4001
5506
2056
9801
1041
1781
351
9001
416
4076
8441
3671
1306
6431
9696
6201
6026
3181
7361
4526
311
9096
821
8456
3326
5341
9116
3981
4086
8136
6561
9906
326
7056
2151
1066
6426
1146
6121
9266
3011
921
2176
9741
2966
1871
7601
8281
606
6946
5196
3796
1691
4216
6851
3431
7801
6026
5641
3746
8601
5671
7491
1986
1331
2681
686
5356
7686
3051
4406
7236
3696
5111
5611
2261
9171
261
7746
9541
5616
381
5536
8896
8261
1591
8006
7806
3866
7846
7496
9116
9221
9546
9401
851
6271
9046
4656
5831
7101
4411
6371
8961
9216
2556
2091
2466
4741
6286
4221
7751
5196
2671
3621
6891
7656
4741
3941
601
8786
2961
3826
3446
5526
1361
31
2821
3086
1256
2901
6781
8291
5511
3331
1576
7226
7141
2501
4966
871
4526
9736
5636
131
771
4521
9426
6426
8881
4366
3596
2581
456
3181
346
3786
6271
6211
4041
7981
2691
7236
76
156
9731
7141
2041
3611
5481
8256
2506
7901
4401
1131
9061
2331
6286
1006
1391
3461
1541
6261
8306
8136
2701
5936
1316
8891
5686
6341
9096
7526
5591
9481
6881
4036
7196
311
4921
3541
6106
5426
9936
151
4436
771
711
8916
9326
7386
2081
2621
9771
4431
4381
2136
236
416
5126
9331
5901
5936
6081
3651
2651
1851
8296
5741
6251
2356
4396
986
1041
1876
5191
8466
4301
9901
9606
7421
7866
9771
5681
6876
8661
5356
4306
8266
7896
696
1881
4506
3981
7966
2111
2911
1696
7441
6741
1401
6471
4891
9896
3461
6871
1091
811
3191
231
9681
7646
226
7241
491
9136
8576
3006
8821
4086
7371
4146
8376
8381
5016
7981
7216
6081
8516
8531
7216
3166
1511
6261
3566
4721
9791
2751
6076
4771
3606
5456
2391
1961
4536
371
9226
8906
5351
3021
1646
6796
6866
6081
8806
4721
9456
7151
5791
7176
1006
7711
9736
6796
7206
8206
5636
3491
8926
916
5751
8041
5446
8686
156
2941
5996
1116
6481
6726
1726
7861
1101
9346
5956
7551
986
8591
9016
2136
3536
5411
8351
8026
1841
5051
6096
4191
5356
7201
3066
126
8831
1206
6031
5731
8506
5176
6376
8676
6326
1586
8566
9871
2006
7431
5406
5806
631
6531
4006
5326
1821
1616
9846
9076
1106
511
6461
6301
4636
1051
1781
7281
4261
3011
9846
3701
2051
7326
951
2241
5371
1816
4641
5786
4201
5801
8706
271
3031
2566
351
3661
5511
2441
8031
6
9441
1961
9691
2421
5316
5256
3006
9816
6626
446
5791
1556
1981
6256
8181
4476
3031
8096
9546
9036
4386
2246
3306
7771
8466
8311
2251
6976
306
4756
4516
3231
2571
9596
4026
8306
1906
1201
6041
2176
3901
6351
3581
1081
2566
3166
1506
5626
4776
6661
9731
8136
5996
5546
9121
9071
9236
8491
8331
2146
4356
8766
1586
1951
5641
9701
4351
3296
4791
5251
7301
4011
5116
9336
5061
7191
9331
406
4106
7721
1346
9161
356
7386
6066
8131
9571
8881
5331
2181
5281
2101
1701
5866
8286
8341
1226
3776
2101
7411
9166
8031
4586
9986
7316
8976
7736
9246
2526
6151
9856
9506
176
8631
4981
2886
4021
5226
1136
471
3136
2951
8581
5376
9406
1461
9161
506
1926
6746
1481
1831
8356
2791
2731
6441
4071
6581
1036
6651
2166
3506
2716
9571
4096
7201
6206
3071
1666
8096
836
4746
8176
8386
7996
141
5196
4421
4731
6046
9576
741
3921
406
5436
5906
4781
8526
9186
2711
1121
5701
7211
3221
8771
7126
4981
2236
7666
4441
9131
1771
7131
8711
431
1931
1151
5426
51
9021
2516
2911
7866
1676
806
6251
2876
2866
106
4776
6151
7026
9391
2256
7851
716
4531
6951
9036
991
9091
8156
2171
7756
6451
2311
6021
1741
4386
896
3971
1901
2036
8336
4651
7306
6391
1891
946
4366
6526
8681
911
4006
5346
6861
8401
9771
2741
1176
1506
6861
8961
7831
3191
1771
2186
8061
7781
1441
8736
7436
9091
4961
8646
2016
3876
401
7101
1501
7151
9686
1776
6141
46
8331
6951
81
191
6926
9576
4776
4346
9936
1921
1501
5871
8471
6646
9816
2331
